                                mean         std        2.5q        25q        50q        75q       97.5q       mc err
a                            4.59736    0.160115     4.28115    4.49254    4.59921     4.7041     4.91034   0.00135514
a_std                        1.50508    0.124086     1.28587    1.41758     1.4983    1.58297     1.77145   0.00119864
a_subj.2                     2.41971    0.139172     2.16404    2.32254      2.413    2.50777     2.71452   0.00145503
a_subj.3                      3.4407     0.18149     3.10058    3.31524    3.43469    3.55985      3.8106   0.00194838
a_subj.4                     4.56346    0.275794     4.06366    4.37069    4.55164    4.73777      5.1418   0.00388556
a_subj.6                     3.26466    0.181087     2.92857    3.13803    3.25658    3.38488     3.63683    0.0021248
a_subj.7                     2.28045    0.122642     2.05975     2.1954    2.27425    2.35949     2.53625   0.00152924
a_subj.8                     3.23727    0.180303     2.91232    3.11307    3.22707    3.35304     3.61593   0.00233197
a_subj.9                      4.7814     0.26665     4.28893    4.59504    4.77176    4.95092     5.34203   0.00300825
a_subj.11                    3.57801    0.207616     3.19366    3.43589    3.56691    3.71161     4.01444   0.00219868
a_subj.12                    4.54826    0.256194      4.0719    4.37047    4.54007      4.715      5.0772   0.00270894
a_subj.13                    4.51204    0.307162     3.95917    4.29685    4.49876    4.70728     5.16809   0.00349176
a_subj.14                    3.23063    0.179385     2.90119    3.10349    3.22385     3.3499     3.60019   0.00196691
a_subj.15                    6.13947    0.334745     5.51978    5.90799    6.12498    6.35857     6.82643   0.00326518
a_subj.16                    5.48287    0.322472     4.88818    5.26069    5.46937     5.6873     6.16201   0.00325155
a_subj.17                    4.52862    0.254702     4.06557    4.35052     4.5176    4.69143     5.06356   0.00311429
a_subj.18                    4.97465     0.27571     4.46825     4.7838    4.95991    5.15096     5.55931   0.00315726
a_subj.19                    3.97463    0.211884     3.58645    3.82593    3.96647    4.11013      4.4138   0.00218386
a_subj.20                    4.34608    0.245599     3.88936    4.17613    4.33422    4.50694     4.85213   0.00305315
a_subj.21                    4.08456    0.220144     3.68183    3.93027    4.07806    4.22755     4.54036   0.00239932
a_subj.22                    3.30949    0.185218     2.97401    3.17978    3.30164    3.42925      3.7004   0.00188085
a_subj.23                    4.85913    0.258181     4.37173    4.68195    4.85177    5.03239     5.37387   0.00282556
a_subj.24                    5.47019    0.305037     4.90976    5.25786    5.45711    5.67221     6.10244   0.00346227
a_subj.25                    2.13748    0.116927     1.92347    2.05665    2.13194    2.21239     2.38383   0.00128454
a_subj.26                    5.20586    0.296306     4.65711    5.00152    5.19374    5.39993     5.82485   0.00401079
a_subj.27                    4.64458    0.258579     4.17077     4.4636    4.63383    4.81079     5.18307   0.00303123
a_subj.28                    3.91951    0.217454     3.51898    3.76951      3.911     4.0597      4.3729   0.00232699
a_subj.29                    5.51571    0.350511     4.88525     5.2726    5.49527    5.73859     6.26227   0.00473195
a_subj.30                    2.88398    0.162399     2.59145    2.77033    2.87547    2.98832     3.22554    0.0019436
a_subj.31                    5.97472    0.341711     5.33869    5.73696    5.96453    6.19892     6.67591   0.00417589
a_subj.32                     3.9211    0.219307     3.51912    3.76912    3.90872    4.06224     4.38541    0.0026183
a_subj.33                    7.48447    0.449385     6.67126    7.17068     7.4633    7.77836     8.42372   0.00501328
a_subj.34                    4.21733    0.238282     3.78174    4.05312     4.2072    4.37089     4.71598   0.00288152
a_subj.36                     2.1236    0.123574     1.89865    2.03656      2.118    2.20414     2.38187   0.00161091
a_subj.37                    3.51141    0.187279     3.16715    3.37999    3.50331    3.63503     3.89847   0.00217183
a_subj.38                     5.5286    0.354374     4.87728    5.28359     5.5108    5.75917     6.27203    0.0045143
a_subj.39                    5.25887    0.292139     4.72211    5.05699    5.24506    5.44846     5.86468   0.00373289
a_subj.40                    5.00764    0.285693      4.4864    4.81116    4.99303    5.19031     5.61041   0.00270253
a_subj.41                    6.28409    0.362789     5.61541    6.03576    6.27048    6.51894       7.044   0.00430392
a_subj.42                    7.33332    0.416702     6.56492    7.04253     7.3141    7.60425     8.19699   0.00549896
a_subj.43                    2.45799    0.138483     2.20549    2.36212     2.4511    2.54704      2.7456   0.00171087
a_subj.44                    1.54251   0.0815925      1.3893    1.48645     1.5391    1.59651     1.71118  0.000977831
a_subj.45                    8.35988    0.437506     7.54815    8.06058      8.345    8.64801     9.26484    0.0046215
a_subj.46                     4.8198    0.294227     4.28161     4.6173      4.809    5.00993     5.43153   0.00377018
a_subj.47                    3.51501    0.193923      3.1634     3.3786     3.5054    3.63985     3.92386    0.0022744
a_subj.48                    5.14987    0.306818     4.58488    4.93468    5.13525    5.34826       5.785   0.00420201
a_subj.49                    5.48181    0.314125     4.89648    5.26508    5.47032    5.68276     6.12495   0.00346936
a_subj.50                    4.96515    0.272223     4.46208    4.77571     4.9535    5.13887     5.53061   0.00284109
a_subj.51                    8.26827    0.477035     7.39438    7.93392     8.2476    8.57698     9.26311   0.00566378
a_subj.53                    4.07269     0.22961     3.65176    3.91369    4.05891    4.22114      4.5492   0.00263393
a_subj.54                    3.09274    0.165135     2.78887    2.97832    3.08418    3.20076     3.43084   0.00178953
a_subj.55                    4.96186    0.266586     4.47273    4.77551    4.95486    5.13301     5.51528   0.00311882
a_subj.56                    8.80439    0.476972     7.91406    8.47297    8.78848    9.11943     9.78725   0.00457629
a_subj.57                    4.46569     0.25201     4.00289    4.29125    4.45409    4.62944     4.99407   0.00266458
a_subj.58                    5.42968     0.33716      4.8199    5.18985    5.41794    5.64977      6.1232   0.00453531
a_subj.59                    6.31944    0.389407     5.60553    6.04682    6.29987    6.57134     7.14352   0.00528925
a_subj.60                    3.38563    0.188386     3.03776    3.25324    3.37724    3.50778     3.77647   0.00260804
a_subj.61                    2.94576     0.16212     2.64778     2.8343    2.93813    3.05015     3.28711   0.00199635
a_subj.62                    4.44328     0.24968     3.98809    4.26922    4.43226    4.60312     4.96955   0.00277963
a_subj.63                    4.47095     0.26727     3.97987    4.28685     4.4559     4.6416     5.03421   0.00322126
a_subj.64                    4.12357     0.24572     3.67422    3.95445    4.11104     4.2807      4.6409   0.00260543
a_subj.65                    3.33787    0.201499     2.97037    3.19831    3.32989    3.46659     3.76715   0.00211256
a_subj.66                     2.3009    0.122291     2.07595    2.21649    2.29688    2.38068     2.55275   0.00147112
a_subj.67                    3.64181    0.211564     3.25621    3.49522    3.63159    3.77842      4.0824   0.00272431
a_subj.68                    4.77909     0.26845     4.28673    4.59014    4.76641     4.9539     5.34836   0.00285135
a_subj.69                    5.14834     0.29425     4.60385      4.944     5.1355    5.33195     5.77092   0.00317039
a_subj.70                    5.91994    0.364488     5.25721    5.66753    5.89877    6.15597     6.68934   0.00533719
a_subj.71                    3.51572    0.202214     3.14888    3.37525    3.50494    3.64751     3.94016    0.0025323
a_subj.72                    5.68687     0.33041     5.08847    5.45671    5.66907    5.89884     6.37983   0.00353462
a_subj.73                    5.27701    0.283727       4.753    5.08159    5.26608    5.45886     5.87299   0.00306329
a_subj.74                    6.24071    0.382845     5.54357      5.974    6.21541    6.48696     7.05586   0.00470447
a_subj.75                    5.86338     0.33719     5.25103    5.62798    5.84911    6.08423     6.56278   0.00384934
a_subj.76                    4.62848    0.273488     4.13388    4.43508    4.61592    4.80767     5.20669   0.00355772
a_subj.78                    2.86314    0.153985     2.57798    2.75721    2.85675    2.96112     3.18515   0.00166218
a_subj.79                    2.99292    0.173717     2.67516    2.87018    2.98482    3.10442     3.35721   0.00177528
a_subj.80                    5.80879    0.333223     5.19636    5.57862    5.79638    6.02191     6.49789   0.00389083
a_subj.81                    6.80102    0.403554     6.06976    6.51828    6.78202      7.059     7.64186   0.00464375
a_subj.82                    7.17623    0.380863     6.45696    6.91809    7.16207    7.42435     7.95686   0.00437037
a_subj.83                    5.50303    0.302227     4.93897    5.29126    5.49268     5.6998     6.13416   0.00391976
a_subj.84                    5.45363    0.304547      4.8931    5.24269    5.44065    5.65224     6.08367   0.00347742
a_subj.85                    3.45052     0.21347     3.06984    3.30182    3.43877    3.58555     3.90842   0.00253682
a_subj.86                    3.57819    0.197325     3.21208    3.44066    3.57015    3.70573     3.99003   0.00212004
a_subj.88                    3.05096    0.197292     2.69427    2.91386    3.03998    3.17656     3.46623   0.00238369
a_subj.89                    4.84474    0.282061     4.33171    4.64669    4.83176    5.02642     5.43665   0.00337588
a_subj.90                    2.89784    0.159018     2.60391    2.78895    2.89117    2.99919     3.22985   0.00154203
a_subj.91                    6.36069      0.4312     5.57989    6.05972    6.33567    6.63913      7.2701   0.00586572
a_subj.92                    5.79496    0.323715     5.19308    5.57004    5.78235    6.00486     6.46191   0.00397899
a_subj.93                     4.9844    0.277921     4.46179    4.79419    4.97402    5.16318     5.56923   0.00320994
a_subj.94                    4.59576    0.260636      4.1107    4.41594    4.58335    4.76469     5.13099   0.00290211
a_subj.95                    4.09154       0.237     3.66024    3.92806    4.07796    4.24669     4.58647   0.00274503
a_subj.96                    4.96574    0.275804      4.4652    4.77295    4.95391    5.14347     5.53851   0.00326573
a_subj.97                    6.30762    0.400067     5.58285    6.02774    6.28695    6.56565       7.144   0.00548501
a_subj.98                      4.447    0.239113     4.00698    4.28267     4.4359    4.60359     4.94435   0.00275898
a_subj.99                    3.70983    0.214046     3.32156    3.56017    3.70057    3.84695     4.15812   0.00252113
a_subj.100                   3.30459    0.177003     2.97878    3.18137    3.29872    3.41923     3.67566   0.00164262
t                           0.898377    0.369243    0.117923   0.646026   0.949266    1.18233     1.49301   0.00683318
t_std                         1.5023    0.226097     1.11692    1.33342    1.48401    1.65655     1.97391   0.00423838
t_subj.2                    0.441834   0.0457382    0.336741   0.414886   0.447514   0.474728    0.513968  0.000446772
t_subj.3                      1.3472   0.0693027     1.18457    1.30845    1.35626     1.3976     1.45284  0.000847085
t_subj.4                     0.98092    0.157164    0.624637   0.887774   0.999077    1.09383     1.23677   0.00219644
t_subj.6                    0.771143   0.0721132    0.606677   0.728982    0.78036   0.822402    0.886742   0.00098627
t_subj.7                    0.983233   0.0417806      0.8876   0.958473   0.988167    1.01341     1.05005  0.000526349
t_subj.8                     1.80855   0.0802313     1.62653    1.76098    1.81806    1.86588     1.93837   0.00109829
t_subj.9                      1.1362    0.140313    0.814805    1.05635    1.15583    1.23758     1.35505   0.00159649
t_subj.11                   0.594143   0.0714291    0.429229   0.553384    0.60324   0.645453     0.70595  0.000789477
t_subj.12                     1.7959     0.13905     1.48357    1.71314    1.81283    1.89561     2.01991   0.00181083
t_subj.13                    2.03169    0.178834     1.61906    1.92765    2.05409    2.15958     2.31457   0.00216304
t_subj.14                    1.08474   0.0671396    0.928656    1.04624    1.09305    1.13275     1.19119  0.000850347
t_subj.15                   0.596587    0.230296    0.109052   0.440603   0.612971    0.76559     1.00206   0.00280979
t_subj.16                    3.35161    0.201884     2.89113    3.23389    3.37546    3.49421     3.67628   0.00217823
t_subj.17                    1.44194    0.157315      1.0825    1.35007    1.46005    1.55322     1.69632   0.00193743
t_subj.18                   0.990237    0.169808    0.599764   0.889884    1.01213    1.11164     1.26071   0.00198803
t_subj.19                    1.01956    0.106262    0.769227   0.959381    1.03347    1.09558     1.18345    0.0010723
t_subj.20                   0.513668    0.146776    0.195677   0.418648   0.527547   0.619403    0.761579   0.00193066
t_subj.21                    1.03238     0.11484    0.767239   0.965008    1.04742    1.11641     1.21319   0.00141836
t_subj.22                    1.44966    0.083084     1.26099    1.40099    1.46065    1.50929     1.58508  0.000867739
t_subj.23                   0.142767   0.0923762  0.00804684  0.0660328   0.130878   0.206977    0.339058   0.00106039
t_subj.24                       2.66    0.223746     2.15438    2.53134     2.6851    2.81985     3.02238   0.00242846
t_subj.25                    1.48016   0.0324948     1.40517    1.46149    1.48447     1.5038     1.53109  0.000420735
t_subj.26                    1.29241    0.164261    0.906663    1.19633    1.31393    1.41004     1.55141   0.00212266
t_subj.27                    2.07168    0.160189     1.70873    1.97556    2.08976    2.18925     2.32842   0.00198043
t_subj.28                    2.49424   0.0997705     2.26351    2.43676    2.50765    2.56661     2.64951   0.00118404
t_subj.29                    3.84925    0.262167     3.25291    3.69375    3.87507    4.03692     4.28262   0.00340797
t_subj.30                   0.912515   0.0666784    0.756384   0.874036   0.920814   0.961027       1.017  0.000918684
t_subj.31                   0.845109    0.239434    0.307057   0.692914   0.869068    1.01749     1.24953   0.00292853
t_subj.32                   0.962424    0.132884    0.663881   0.883595   0.975983     1.0579     1.18163     0.001699
t_subj.33                    3.37499    0.311999     2.67109    3.18761     3.4122    3.60177     3.87248   0.00391905
t_subj.34                    1.12999     0.14606    0.807959    1.03985     1.1449    1.23526     1.37437   0.00170496
t_subj.36                   0.450553   0.0367959    0.367341   0.429001   0.455156   0.476895    0.509719  0.000475442
t_subj.37                   0.277043   0.0884373   0.0820815   0.221237   0.286039   0.341684    0.426104   0.00103923
t_subj.38                    3.04505    0.232186     2.51774    2.90708    3.07181    3.20967     3.42409   0.00297873
t_subj.39                     1.9467    0.194329      1.5093    1.83096    1.96712    2.08589     2.26387   0.00269042
t_subj.40                    3.04565    0.176387     2.64483    2.94216    3.06933     3.1725     3.32021   0.00182418
t_subj.41                    2.33644    0.262436     1.74193    2.17865    2.36704    2.52504     2.76652   0.00317864
t_subj.42                    1.94635    0.366406      1.1321    1.72136    1.98519    2.20793     2.55562   0.00464446
t_subj.43                   0.808968   0.0520161    0.692469   0.777588   0.814391    0.84624    0.894814  0.000634342
t_subj.44                   0.932796   0.0163717    0.894918   0.923376   0.934874   0.944644    0.958273  0.000204099
t_subj.45                    1.67141    0.428095    0.704459    1.40816    1.71624    1.98409     2.37875   0.00546846
t_subj.46                   0.644521    0.188541    0.229388   0.524312    0.66072   0.781109    0.967551   0.00252623
t_subj.47                   0.890616   0.0847065     0.69545   0.841324   0.901154   0.950567     1.02389   0.00101658
t_subj.48                   0.766304    0.235688    0.246457    0.61873   0.784745   0.933852     1.17599   0.00338683
t_subj.49                    3.28681    0.194414     2.84115     3.1756    3.31031    3.42674     3.59519   0.00238943
t_subj.50                    1.70157    0.181338     1.29245    1.59397    1.72368     1.8306     1.99598   0.00216377
t_subj.51                    4.35618    0.455413      3.3064    4.08292    4.40796    4.69216     5.08186   0.00564724
t_subj.53                    1.22889    0.110578    0.972035    1.16468    1.24404    1.30721     1.40387   0.00127769
t_subj.54                    1.59361   0.0671005     1.43897    1.55457    1.60278    1.64192      1.6989  0.000747966
t_subj.55                   0.937732    0.196286    0.491694   0.817311   0.958578    1.07832     1.26582   0.00254124
t_subj.56                    1.34686    0.427977    0.382015    1.08134    1.38675    1.65625     2.07003   0.00383535
t_subj.57                    1.29136    0.159156    0.930006    1.19756    1.30887    1.40473     1.55122   0.00200226
t_subj.58                   0.882119    0.232245    0.357049    0.74159   0.903221    1.04757     1.27935   0.00295222
t_subj.59                    2.30691    0.295834     1.64784     2.1273    2.33897    2.52017     2.79257   0.00401273
t_subj.60                    1.03018    0.094441    0.820295   0.973025    1.04058    1.09786     1.18706    0.0013449
t_subj.61                    1.76426   0.0603525     1.62568    1.72986    1.77149    1.80723     1.86082  0.000727561
t_subj.62                    3.10489    0.131658      2.7939    3.02719    3.12391    3.20063     3.31022   0.00157041
t_subj.63                    2.21781    0.142087     1.89092    2.13547    2.23479    2.32022     2.44484   0.00166972
t_subj.64                    1.27095    0.116728      1.0015    1.20295     1.2843    1.35354     1.45839   0.00134826
t_subj.65                    1.16097   0.0679198     1.00768    1.12063    1.17007    1.21026     1.26761  0.000849859
t_subj.66                    1.25265   0.0356842     1.16944    1.23257    1.25716    1.27863     1.30789  0.000448778
t_subj.67                    1.71478    0.107992     1.47064     1.6513    1.72664    1.79152      1.8913   0.00153576
t_subj.68                   0.634916    0.160086    0.272184   0.538091   0.651656    0.74935    0.901937   0.00184094
t_subj.69                    3.06687    0.178035     2.65805    2.96278    3.08807    3.19507     3.35005   0.00222948
t_subj.70                   0.789158    0.248512    0.235295   0.633852   0.809778   0.969593     1.21368   0.00356063
t_subj.71                   0.981502    0.109154     0.73271   0.916491   0.993111    1.05899     1.16305   0.00148381
t_subj.72                    2.33395    0.181464     1.91018    2.23127    2.35937    2.46403     2.61786   0.00204001
t_subj.73                    1.63963    0.182311     1.22396    1.53335    1.66465    1.77167     1.92497   0.00212025
t_subj.74                    2.65372    0.249882     2.08322    2.50643    2.68562    2.83484     3.05283   0.00314469
t_subj.75                    1.42897    0.236699    0.886331    1.28727    1.45824    1.59979     1.81071   0.00291234
t_subj.76                     1.7702    0.158398     1.40423    1.67634     1.7881    1.88344     2.02502   0.00212041
t_subj.78                     1.2982   0.0563496     1.16956     1.2656    1.30585    1.33876     1.38679   0.00060338
t_subj.79                    0.35491   0.0622884    0.214054   0.317312   0.362084    0.39973    0.455332   0.00063165
t_subj.80                    1.05737    0.244631    0.514045    0.90682    1.08484    1.23379     1.46093   0.00286014
t_subj.81                    2.38843    0.300193     1.69905    2.21059    2.41969    2.60223     2.87977    0.0034106
t_subj.82                    1.42505    0.377976     0.60538    1.18754    1.45527     1.6964     2.07375   0.00441459
t_subj.83                   0.705992    0.240011    0.192234   0.548366   0.724449   0.880253     1.12681    0.0031733
t_subj.84                    2.73209    0.197852     2.27055    2.61796     2.7565    2.87371     3.04557   0.00252033
t_subj.85                     1.4172    0.109622     1.16729    1.35419    1.42909    1.49546     1.59071   0.00139841
t_subj.86                   0.817675   0.0947977     0.60085   0.761188   0.828674   0.885789    0.971754   0.00111053
t_subj.88                   0.987893   0.0801704    0.798952   0.942818   0.999624    1.04563     1.10967  0.000967836
t_subj.89                    1.81515     0.16119     1.45535    1.72026    1.83527    1.93062     2.07212   0.00190201
t_subj.90                    0.72997    0.056278    0.599074   0.697735   0.737967   0.770539    0.817729  0.000530412
t_subj.91                    5.88691    0.379828     5.00624    5.67008    5.93872    6.16124     6.47242   0.00555904
t_subj.92                    2.14339    0.235961     1.61332    2.00446    2.16686    2.31253     2.52914   0.00282979
t_subj.93                    2.20467    0.150529     1.85594    2.11977    2.22502    2.31447     2.43828   0.00177293
t_subj.94                    1.05561    0.132433    0.748222   0.980749    1.07326    1.15032     1.26188   0.00129209
t_subj.95                   0.722503    0.122889     0.44193   0.650017   0.736312   0.811046    0.921651   0.00135796
t_subj.96                    1.18116    0.169769    0.796172    1.08067    1.19923    1.30394      1.4572   0.00191848
t_subj.97                    5.00878     0.28654     4.36126     4.8356    5.04395    5.21464     5.47238   0.00374915
t_subj.98                    2.03739    0.125429     1.75047    1.96409    2.05306    2.12803     2.23489   0.00143128
t_subj.99                   0.972018    0.103357     0.73862   0.911649   0.984444    1.04689     1.13819   0.00126325
t_subj.100                   1.20913    0.069048     1.04993    1.16984    1.21857     1.2588     1.31626  0.000728313
sz                         0.0705929   0.0464356  0.00311757  0.0321915   0.065083   0.103276    0.170227  0.000708401
z                           0.525133  0.00582098    0.513815   0.521212   0.525124    0.52902    0.536577  0.000109522
z_std                        0.14557    0.022358    0.103611   0.130623   0.144789   0.160243    0.191065   0.00056415
z_subj.2                    0.498781   0.0255905    0.447405   0.481923   0.499196   0.516268    0.548165  0.000271294
z_subj.3                     0.54061   0.0256163    0.491406   0.523235   0.540287   0.557906    0.590921  0.000255355
z_subj.4                    0.522663   0.0247243    0.473389   0.506134   0.523106   0.539111    0.570675  0.000262529
z_subj.6                    0.562242   0.0261518    0.511345   0.544438   0.562013     0.5799    0.613698  0.000348428
z_subj.7                    0.524077   0.0242403    0.475996   0.507878   0.524204   0.540048    0.572152  0.000223075
z_subj.8                     0.53647   0.0248708    0.487563   0.519687   0.536415   0.553577    0.585344  0.000246366
z_subj.9                    0.546481   0.0264815    0.494834   0.528714   0.546436    0.56392    0.598564  0.000289464
z_subj.11                   0.587364   0.0279298    0.533825   0.568405   0.587247   0.605909    0.643061  0.000454878
z_subj.12                   0.493191   0.0262045     0.44097   0.475715   0.493447   0.511053     0.54385  0.000270133
z_subj.13                   0.513755    0.026937    0.460561   0.495729   0.513876    0.53185    0.566904  0.000259424
z_subj.14                   0.553685   0.0256674    0.503298   0.536702   0.553625    0.57092    0.603723  0.000294498
z_subj.15                   0.573066   0.0268771    0.521704   0.554438   0.572654   0.591088    0.626576   0.00035302
z_subj.16                   0.536163   0.0258836    0.485613   0.518691   0.536097   0.553499    0.586829  0.000245093
z_subj.17                   0.526353   0.0248003    0.478795   0.509582   0.526193   0.542972    0.575251  0.000244589
z_subj.18                   0.592307   0.0288213    0.536945    0.57262   0.591811   0.611433    0.649165  0.000470315
z_subj.19                   0.548587   0.0254619    0.498739   0.531208   0.548669   0.565562    0.598711  0.000291117
z_subj.20                   0.539531   0.0253674    0.490773   0.522288   0.539374     0.5565    0.590047  0.000257504
z_subj.21                   0.517501   0.0253552    0.467084    0.50098   0.517531   0.534368    0.567842  0.000212946
z_subj.22                   0.505875   0.0248059    0.456851   0.489292   0.506048   0.522826    0.553344  0.000268485
z_subj.23                   0.515284    0.026439    0.463924   0.497438   0.515331   0.533263    0.567597  0.000238917
z_subj.24                   0.513009   0.0252459    0.463253   0.496037   0.513143   0.529898    0.562361  0.000282447
z_subj.25                   0.485674   0.0254715    0.435597   0.468648   0.485944   0.503151    0.535037  0.000291919
z_subj.26                   0.539701   0.0258963    0.488816   0.522405   0.539488   0.556924     0.59067  0.000245272
z_subj.27                   0.549195     0.02619    0.497943   0.531508    0.54935    0.56682      0.6004  0.000293642
z_subj.28                   0.532826   0.0255405     0.48243    0.51563   0.532792   0.550436    0.582059  0.000238637
z_subj.29                   0.533586   0.0251997    0.483589   0.516758   0.533767   0.550755    0.582402  0.000247728
z_subj.30                   0.542257   0.0247316    0.493851   0.525757    0.54195   0.558795     0.59109  0.000217319
z_subj.31                   0.524314   0.0252149    0.475193   0.507385   0.524521    0.54141    0.573318   0.00022891
z_subj.32                   0.501384    0.024878    0.452029   0.484935   0.501508   0.518081    0.550331  0.000255443
z_subj.33                   0.565144   0.0276995    0.511713   0.546433    0.56498   0.583495    0.620235  0.000345791
z_subj.34                   0.534327   0.0246266    0.484913   0.518063   0.534399   0.550834    0.582377  0.000245536
z_subj.36                   0.545489   0.0262467    0.494168    0.52779   0.545435   0.563142    0.597133  0.000246101
z_subj.37                   0.560003   0.0258846    0.510455   0.542333   0.559723   0.576955    0.612778  0.000278236
z_subj.38                   0.529332   0.0253375    0.479779   0.512523   0.529465   0.546082    0.579551  0.000281893
z_subj.39                   0.489878   0.0259782    0.438865   0.472217   0.490054   0.507748    0.539629  0.000307902
z_subj.40                   0.495845   0.0256192    0.444533   0.478844   0.496266   0.513075    0.545863  0.000247782
z_subj.41                   0.522311   0.0256052    0.472166   0.505023   0.522329   0.539526    0.572248  0.000250227
z_subj.42                   0.525256   0.0253942    0.475879   0.508016   0.525121   0.542181    0.574926  0.000271926
z_subj.43                   0.535129   0.0239085    0.488237   0.519092   0.535008   0.551157    0.582264  0.000220344
z_subj.44                   0.509492    0.024465    0.460821   0.493301    0.50951   0.525982    0.557713  0.000213209
z_subj.45                   0.481565    0.027793    0.426828    0.46289   0.481423   0.500258    0.535124  0.000396217
z_subj.46                   0.532414   0.0247395    0.483671   0.515947   0.532485   0.548883    0.580385  0.000270626
z_subj.47                   0.531199   0.0250937    0.483579   0.514195   0.530879   0.547954     0.58168    0.0002622
z_subj.48                   0.511722   0.0241027    0.463956   0.495768   0.512025   0.527911    0.558715   0.00021278
z_subj.49                   0.499344   0.0257172    0.446976   0.482303   0.499665   0.516555    0.548855  0.000317379
z_subj.50                   0.492943    0.025964    0.441572   0.475384   0.493317    0.51071    0.542816  0.000307408
z_subj.51                   0.541561   0.0262498    0.489186   0.524181   0.541585   0.559088    0.593277  0.000302803
z_subj.53                   0.559604   0.0264768     0.50725    0.54178   0.559505   0.577204    0.611567  0.000278485
z_subj.54                   0.495509   0.0256715    0.444035   0.478391   0.495926   0.513117    0.545112  0.000255098
z_subj.55                   0.520063    0.024646    0.472582   0.503296   0.520088   0.536707    0.568699  0.000270253
z_subj.56                   0.487104   0.0261269    0.434466   0.469876   0.487414   0.504971    0.536924   0.00035109
z_subj.57                   0.552366   0.0262703    0.501047   0.534936    0.55224   0.570208     0.60409   0.00028436
z_subj.58                   0.503527   0.0250876     0.45464   0.486662   0.504071   0.520694    0.551318  0.000282709
z_subj.59                    0.50716   0.0259221    0.455278   0.490108   0.507332   0.524589    0.557506  0.000244081
z_subj.60                   0.547079   0.0249511    0.498505   0.530193   0.546922   0.563694     0.59672  0.000229266
z_subj.61                    0.54642   0.0250204    0.497629   0.529824   0.546375   0.562979    0.595754  0.000246706
z_subj.62                   0.493749   0.0257215    0.442255    0.47654    0.49415   0.511197    0.543691  0.000288103
z_subj.63                   0.538577   0.0252658    0.489363   0.521758   0.538831   0.555546    0.587631  0.000308515
z_subj.64                   0.517224   0.0255083    0.466822   0.500421    0.51727   0.534385    0.566723  0.000278868
z_subj.65                    0.59786   0.0292531    0.542026   0.577524   0.597799   0.617524    0.655461  0.000483605
z_subj.66                   0.548689   0.0251939    0.499408   0.531668   0.548609   0.565405    0.598378  0.000261905
z_subj.67                   0.496841   0.0248479    0.447496   0.480393     0.4969   0.513374    0.545645  0.000294039
z_subj.68                   0.493216   0.0254179    0.442974   0.476272    0.49372   0.510512    0.541548  0.000250021
z_subj.69                   0.541348   0.0260128    0.490161   0.523751     0.5417   0.558778    0.592336   0.00026888
z_subj.70                   0.520573   0.0252938    0.471033   0.503205   0.520812   0.537541    0.570559  0.000226736
z_subj.71                   0.520441   0.0245579    0.471641   0.504016   0.520506   0.537295    0.568016  0.000220364
z_subj.72                   0.567036   0.0270214    0.514549   0.548623   0.567015   0.585237    0.620887  0.000347575
z_subj.73                   0.541628   0.0260415    0.490126    0.52438   0.541559   0.558484    0.593255  0.000275211
z_subj.74                   0.542724    0.026291    0.492057   0.524777   0.542611   0.560528    0.593846  0.000287632
z_subj.75                   0.535701    0.026197    0.483607   0.518171   0.535879   0.553422    0.586424  0.000290218
z_subj.76                   0.498635    0.025019     0.44851   0.482137   0.498962   0.515739    0.546607  0.000276716
z_subj.78                   0.523885   0.0242805    0.476387     0.5077   0.523941    0.54009    0.571714  0.000213117
z_subj.79                   0.502085   0.0256742    0.451902   0.484725   0.502143   0.519239    0.552472  0.000259454
z_subj.80                   0.522169   0.0258077    0.471361   0.504771   0.522142   0.539679    0.572514  0.000259646
z_subj.81                   0.484128   0.0265129    0.431507   0.466453   0.484593   0.502423    0.534996  0.000345691
z_subj.82                   0.491402   0.0258722    0.440134   0.474073   0.491719   0.509068    0.541178  0.000309886
z_subj.83                   0.534974   0.0244821    0.486592    0.51843   0.535262   0.551498    0.582716  0.000220137
z_subj.84                   0.522989   0.0253251     0.47334   0.506016   0.523054     0.5402    0.572325  0.000222766
z_subj.85                   0.512243   0.0259588    0.460388   0.494916   0.512121   0.529337    0.563835  0.000236855
z_subj.86                   0.520219   0.0249284    0.470921     0.5034   0.520202   0.537106    0.568526  0.000223616
z_subj.88                   0.523832   0.0266835    0.471304   0.506008   0.523616   0.541796    0.576422  0.000246988
z_subj.89                   0.529851   0.0251434    0.480219   0.512756   0.529903   0.546858    0.578962  0.000253424
z_subj.90                   0.507884   0.0250782    0.458535   0.491264   0.508087   0.524599    0.556507  0.000215235
z_subj.91                     0.5009   0.0270015    0.447065    0.48286   0.501343   0.519291    0.552097  0.000305746
z_subj.92                   0.492375   0.0255674    0.441103   0.475586   0.492836   0.509504     0.54261  0.000285171
z_subj.93                   0.551514   0.0260262     0.50093   0.534012   0.551359   0.568915    0.602637  0.000282284
z_subj.94                   0.503479    0.026002    0.451402   0.486443    0.50387   0.520901    0.553661  0.000281562
z_subj.95                   0.540283   0.0250617    0.491567   0.523463   0.540343   0.557199    0.589201  0.000270584
z_subj.96                   0.523609   0.0251541    0.475309   0.506621     0.5236   0.540425    0.572631  0.000253207
z_subj.97                   0.510638   0.0255499    0.460216   0.493747   0.510937   0.527862    0.560396  0.000259245
z_subj.98                   0.481757   0.0261312    0.429531   0.464302   0.482185   0.499547    0.531991  0.000305791
z_subj.99                   0.521252   0.0258263    0.470285   0.503656   0.521099   0.538895    0.571844  0.000228917
z_subj.100                  0.491403   0.0257569    0.439841    0.47442   0.492004    0.50859    0.540719  0.000295955
v_C(desWorld)[0]           -0.223457   0.0122771   -0.247638  -0.231553  -0.223432  -0.215245   -0.199247  0.000200403
v_C(desWorld)[0]_std       0.0757902    0.013351   0.0506559   0.066574  0.0754237  0.0845653    0.102988  0.000396757
v_C(desWorld)[0]_subj.2    -0.166674    0.072506   -0.302888  -0.216228  -0.169369  -0.119232  -0.0195229  0.000790019
v_C(desWorld)[0]_subj.3    -0.248293   0.0619028   -0.372152  -0.288423  -0.247955  -0.206321     -0.1284   0.00058002
v_C(desWorld)[0]_subj.4    -0.258922   0.0533338   -0.365496  -0.293803  -0.257895  -0.223237   -0.156536    0.0005279
v_C(desWorld)[0]_subj.6    -0.199848   0.0639107   -0.321489  -0.242783  -0.201127  -0.157625   -0.071823  0.000551296
v_C(desWorld)[0]_subj.7     -0.25181   0.0693825   -0.392161    -0.2962  -0.251475   -0.20562   -0.117238  0.000717613
v_C(desWorld)[0]_subj.8     -0.18516     0.06203     -0.3062  -0.226624  -0.185873  -0.144084  -0.0604738  0.000612338
v_C(desWorld)[0]_subj.9    -0.121486   0.0583213   -0.229267  -0.161485  -0.123198 -0.0829772 -0.00244413  0.000854438
v_C(desWorld)[0]_subj.11   -0.125987   0.0629969   -0.246707  -0.169402  -0.127729 -0.0849799  0.00194418  0.000843987
v_C(desWorld)[0]_subj.12   -0.260073   0.0553693   -0.369179  -0.296749  -0.259821  -0.222558   -0.152103  0.000539901
v_C(desWorld)[0]_subj.13   -0.263267   0.0608721   -0.385891  -0.303255  -0.261961  -0.222607   -0.146437  0.000579367
v_C(desWorld)[0]_subj.14   -0.141463   0.0657629   -0.264051  -0.186834  -0.143298 -0.0986277 -0.00694666    0.0007934
v_C(desWorld)[0]_subj.15   -0.272343   0.0449054   -0.362247  -0.302211  -0.271908  -0.242153   -0.185588  0.000497654
v_C(desWorld)[0]_subj.16   -0.293408   0.0519963   -0.399084  -0.327785  -0.292157  -0.258171   -0.193104  0.000596432
v_C(desWorld)[0]_subj.17   -0.254438   0.0567603     -0.3689  -0.291343  -0.253593  -0.216704   -0.142945  0.000524863
v_C(desWorld)[0]_subj.18   -0.117187   0.0513084   -0.215795  -0.152532  -0.117022 -0.0830642  -0.0166829  0.000696597
v_C(desWorld)[0]_subj.19   -0.214795   0.0584582   -0.330624  -0.253159  -0.214501   -0.17528   -0.100096  0.000625238
v_C(desWorld)[0]_subj.20   -0.189851   0.0572089   -0.298736  -0.229131  -0.190837  -0.151726  -0.0756186   0.00058602
v_C(desWorld)[0]_subj.21   -0.251019   0.0602126   -0.371989  -0.290303  -0.250417  -0.211118   -0.132401  0.000557873
v_C(desWorld)[0]_subj.22    -0.23495   0.0610076   -0.355929  -0.275657  -0.234734  -0.194241   -0.115351  0.000593831
v_C(desWorld)[0]_subj.23   -0.175188   0.0581829   -0.286704  -0.214645  -0.176118  -0.136503  -0.0586556  0.000577772
v_C(desWorld)[0]_subj.24   -0.194073   0.0494826   -0.289959  -0.227291  -0.194347  -0.161113  -0.0963656  0.000483688
v_C(desWorld)[0]_subj.25   -0.274589   0.0724493   -0.423627  -0.320425  -0.272562  -0.225674   -0.136592   0.00080507
v_C(desWorld)[0]_subj.26   -0.251764   0.0543122   -0.360584  -0.287364  -0.251081   -0.21511   -0.146231  0.000512185
v_C(desWorld)[0]_subj.27   -0.231629   0.0556595   -0.341816   -0.26826  -0.231527  -0.194925   -0.121275  0.000528561
v_C(desWorld)[0]_subj.28   -0.305202   0.0624746   -0.436313  -0.345383  -0.303381  -0.262247   -0.188985  0.000839982
v_C(desWorld)[0]_subj.29   -0.242842   0.0503435    -0.34364   -0.27549  -0.242707  -0.209448   -0.145224  0.000472695
v_C(desWorld)[0]_subj.30   -0.294682    0.066984   -0.430727  -0.338334  -0.293367   -0.24891   -0.168168  0.000858256
v_C(desWorld)[0]_subj.31   -0.220059   0.0461881   -0.311458  -0.250431  -0.219882  -0.189967   -0.128958  0.000438549
v_C(desWorld)[0]_subj.32   -0.195353   0.0552748   -0.304455  -0.232408  -0.195043  -0.158231  -0.0887724  0.000531649
v_C(desWorld)[0]_subj.33   -0.293742   0.0464487   -0.387282   -0.32496  -0.292556  -0.261856   -0.204912  0.000579689
v_C(desWorld)[0]_subj.34   -0.216942   0.0562474   -0.327094  -0.254288  -0.216677  -0.179513   -0.106534  0.000491098
v_C(desWorld)[0]_subj.36   -0.204433   0.0709265   -0.341533  -0.251645  -0.204572  -0.157616  -0.0628301   0.00064404
v_C(desWorld)[0]_subj.37   -0.178555   0.0618377   -0.298568  -0.220739   -0.17901  -0.138987  -0.0526585  0.000668357
v_C(desWorld)[0]_subj.38   -0.307381   0.0572232    -0.42219  -0.345243  -0.306213  -0.268131   -0.198323  0.000747598
v_C(desWorld)[0]_subj.39   -0.225431   0.0536611   -0.331455  -0.261407  -0.225378  -0.189485   -0.120176  0.000507449
v_C(desWorld)[0]_subj.40    -0.21633    0.052109   -0.319026  -0.251113  -0.216408  -0.181829    -0.11238  0.000438196
v_C(desWorld)[0]_subj.41   -0.237433   0.0487685   -0.333195  -0.269594  -0.237706  -0.205225   -0.142232  0.000443599
v_C(desWorld)[0]_subj.42   -0.220966    0.041741   -0.303364  -0.248454   -0.22091  -0.192994   -0.140448  0.000368879
v_C(desWorld)[0]_subj.43   -0.195012   0.0672382     -0.3237  -0.239215   -0.19608   -0.15193  -0.0597357  0.000594674
v_C(desWorld)[0]_subj.44   -0.193602   0.0726705   -0.333201  -0.242164  -0.194601  -0.146537  -0.0457591  0.000689274
v_C(desWorld)[0]_subj.45   -0.197455   0.0394621   -0.274191  -0.224454  -0.197566  -0.170959   -0.119345  0.000401368
v_C(desWorld)[0]_subj.46    -0.27291    0.052223   -0.378566  -0.307085  -0.271733  -0.237643    -0.17228  0.000475302
v_C(desWorld)[0]_subj.47   -0.328705   0.0680157   -0.468228  -0.374192  -0.325767  -0.281981   -0.201318   0.00106362
v_C(desWorld)[0]_subj.48   -0.262087   0.0514447   -0.363244  -0.296445   -0.26138  -0.227039   -0.162027  0.000439554
v_C(desWorld)[0]_subj.49   -0.254593   0.0520171   -0.356717  -0.289585  -0.254899  -0.219593   -0.152623  0.000616533
v_C(desWorld)[0]_subj.50   -0.234273   0.0522699    -0.33811  -0.268628  -0.234561  -0.199479   -0.131328  0.000521553
v_C(desWorld)[0]_subj.51    -0.17895   0.0370121   -0.251877  -0.203683   -0.17929   -0.15432    -0.10568   0.00041079
v_C(desWorld)[0]_subj.53   -0.228961   0.0584188   -0.344947  -0.267883  -0.228956  -0.189753   -0.114072  0.000477305
v_C(desWorld)[0]_subj.54   -0.219703   0.0637163   -0.343209  -0.262569  -0.219646  -0.176978  -0.0938961  0.000487345
v_C(desWorld)[0]_subj.55    -0.14386   0.0490108   -0.239064  -0.177456  -0.144228   -0.11142  -0.0453859  0.000551871
v_C(desWorld)[0]_subj.56   -0.185167   0.0400715   -0.261626  -0.212638  -0.185485  -0.158025   -0.105718  0.000379079
v_C(desWorld)[0]_subj.57    -0.15596   0.0558312   -0.261849  -0.194046  -0.157001  -0.118879  -0.0441453  0.000589431
v_C(desWorld)[0]_subj.58   -0.224744   0.0522355   -0.327614  -0.259231  -0.224445  -0.189505   -0.121174  0.000482888
v_C(desWorld)[0]_subj.59   -0.266791   0.0441626   -0.353076  -0.296892  -0.266493  -0.236785   -0.180892  0.000456184
v_C(desWorld)[0]_subj.60   -0.215531   0.0604691   -0.335517  -0.255358  -0.214734  -0.175297  -0.0974788  0.000556357
v_C(desWorld)[0]_subj.61   -0.315026   0.0696401   -0.460776  -0.359612  -0.312772  -0.266907   -0.186985   0.00103785
v_C(desWorld)[0]_subj.62   -0.268535   0.0579356   -0.385867  -0.306212  -0.267317  -0.229226   -0.157092  0.000639057
v_C(desWorld)[0]_subj.63    -0.22992   0.0571785   -0.342294  -0.268022  -0.229968   -0.19132   -0.118971  0.000510703
v_C(desWorld)[0]_subj.64   -0.255019    0.060426   -0.375043  -0.294372   -0.25429  -0.214558    -0.13734  0.000556765
v_C(desWorld)[0]_subj.65   -0.107007   0.0667407   -0.229949   -0.15288  -0.109473 -0.0634551   0.0320354   0.00098629
v_C(desWorld)[0]_subj.66   -0.183114   0.0711805   -0.319392  -0.230651   -0.18461  -0.136678  -0.0396713  0.000694654
v_C(desWorld)[0]_subj.67   -0.261979   0.0615676   -0.386036  -0.301554  -0.261396  -0.220992   -0.142659  0.000646694
v_C(desWorld)[0]_subj.68   -0.198169    0.056701   -0.307225   -0.23651  -0.198527  -0.160784  -0.0849256  0.000487021
v_C(desWorld)[0]_subj.69   -0.209898   0.0557773   -0.319644  -0.246764  -0.209948  -0.173371  -0.0981763  0.000483825
v_C(desWorld)[0]_subj.70    -0.23173   0.0502533   -0.331019  -0.265076  -0.231681  -0.198025   -0.134065  0.000479156
v_C(desWorld)[0]_subj.71   -0.248529    0.060104   -0.368424  -0.288366  -0.248042  -0.207985   -0.130758  0.000560533
v_C(desWorld)[0]_subj.72   -0.332274   0.0549006   -0.443816  -0.368474  -0.331222   -0.29448   -0.229509  0.000787118
v_C(desWorld)[0]_subj.73   -0.195415   0.0520137   -0.296915  -0.230117  -0.195555  -0.161114   -0.091861  0.000524039
v_C(desWorld)[0]_subj.74    -0.28105   0.0484047   -0.376441  -0.313768  -0.280359  -0.247838   -0.187804  0.000511249
v_C(desWorld)[0]_subj.75   -0.112519   0.0498246   -0.208003  -0.146922  -0.113202 -0.0795399  -0.0119904  0.000675164
v_C(desWorld)[0]_subj.76   -0.318124   0.0582527   -0.437921  -0.356315  -0.316308  -0.278476    -0.20723  0.000833922
v_C(desWorld)[0]_subj.78   -0.219362   0.0648935   -0.346785  -0.262138  -0.219259  -0.176704  -0.0902253  0.000543811
v_C(desWorld)[0]_subj.79   -0.213676   0.0638111   -0.338945  -0.255478  -0.214024  -0.171283  -0.0862341  0.000588467
v_C(desWorld)[0]_subj.80   -0.194466   0.0491877    -0.29079  -0.227779  -0.195102  -0.162158  -0.0943717  0.000500761
v_C(desWorld)[0]_subj.81   -0.265247   0.0463563   -0.359017  -0.296359  -0.264519  -0.233432   -0.176662  0.000483849
v_C(desWorld)[0]_subj.82   -0.173048   0.0412032   -0.253667  -0.200579  -0.173139  -0.145022  -0.0924479  0.000377265
v_C(desWorld)[0]_subj.83   -0.149184   0.0548429   -0.251826  -0.186399   -0.15051  -0.112735  -0.0380378  0.000637696
v_C(desWorld)[0]_subj.84   -0.217139   0.0522418   -0.320086  -0.252673  -0.216645   -0.18187   -0.114635  0.000465604
v_C(desWorld)[0]_subj.85   -0.208077   0.0627918   -0.331612  -0.250208  -0.208352  -0.167285  -0.0837534  0.000572263
v_C(desWorld)[0]_subj.86   -0.196882   0.0607059   -0.313997  -0.237669  -0.197165  -0.156816  -0.0753201  0.000547074
v_C(desWorld)[0]_subj.88   -0.227824   0.0683244   -0.364335  -0.272825  -0.226918  -0.182976  -0.0938118  0.000598704
v_C(desWorld)[0]_subj.89   -0.253137   0.0547479   -0.361717  -0.289825  -0.252852   -0.21622   -0.147749  0.000541706
v_C(desWorld)[0]_subj.90    -0.19509   0.0654769    -0.32292  -0.238597  -0.195424  -0.153162  -0.0614514  0.000596706
v_C(desWorld)[0]_subj.91   -0.226064   0.0479783   -0.318647  -0.258401  -0.225815  -0.194551   -0.129701  0.000484932
v_C(desWorld)[0]_subj.92   -0.197367   0.0502441   -0.295299  -0.230903  -0.197692  -0.163969  -0.0977296   0.00046762
v_C(desWorld)[0]_subj.93   -0.242541   0.0534508   -0.348038  -0.278496  -0.242498  -0.206614    -0.13839   0.00054769
v_C(desWorld)[0]_subj.94   -0.275743   0.0580428   -0.393972  -0.313394  -0.274021  -0.236543   -0.166551  0.000639885
v_C(desWorld)[0]_subj.95   -0.260547   0.0562927   -0.372047  -0.297621  -0.259909  -0.222272   -0.151978  0.000614411
v_C(desWorld)[0]_subj.96    -0.22056    0.050338    -0.31878  -0.254268   -0.22116  -0.186556    -0.12276  0.000472691
v_C(desWorld)[0]_subj.97   -0.299033   0.0534096    -0.40602  -0.334538  -0.297791  -0.262295   -0.197185  0.000666068
v_C(desWorld)[0]_subj.98   -0.135783   0.0575204   -0.245634  -0.174765  -0.137477  -0.098136  -0.0177781  0.000726193
v_C(desWorld)[0]_subj.99   -0.180116    0.066096   -0.306535  -0.224344  -0.180932  -0.137392  -0.0460885  0.000589873
v_C(desWorld)[0]_subj.100  -0.196055   0.0613613   -0.315324  -0.237282  -0.197175  -0.156371  -0.0732192  0.000543034
v_C(desWorld)[1]            0.257302   0.0112793    0.235356   0.249813    0.25718    0.26469    0.279995  0.000247036
v_C(desWorld)[1]_std       0.0547088    0.012765   0.0294773  0.0460872  0.0546966  0.0631916    0.079679  0.000542738
v_C(desWorld)[1]_subj.2      0.26385   0.0537178    0.158853    0.22905   0.263258   0.297947    0.372903  0.000597235
v_C(desWorld)[1]_subj.3     0.209503   0.0517832    0.100289   0.176792   0.212007     0.2446    0.304273  0.000841571
v_C(desWorld)[1]_subj.4     0.316113   0.0521335    0.221923   0.279537   0.313087   0.349332    0.426415   0.00101889
v_C(desWorld)[1]_subj.6     0.286231   0.0515065    0.190027    0.25176   0.283835   0.318097     0.39502   0.00074812
v_C(desWorld)[1]_subj.7      0.25205   0.0523533     0.14792   0.217728   0.252053   0.286779    0.355079  0.000451328
v_C(desWorld)[1]_subj.8     0.278729   0.0516444    0.181179    0.24455   0.276616   0.310959    0.386174  0.000603193
v_C(desWorld)[1]_subj.9     0.273219   0.0451057    0.185838   0.243599   0.272217    0.30222    0.366219  0.000507471
v_C(desWorld)[1]_subj.11    0.311647   0.0558461    0.212852    0.27306   0.307363   0.346284    0.432959   0.00104319
v_C(desWorld)[1]_subj.12    0.255294   0.0464231    0.162702   0.225525   0.255099   0.285662    0.347481  0.000456225
v_C(desWorld)[1]_subj.13    0.271401   0.0482375    0.177393   0.239902   0.269723   0.302329    0.370167  0.000579289
v_C(desWorld)[1]_subj.14    0.295469    0.053198    0.198149   0.259287    0.29235   0.328361    0.409327  0.000798392
v_C(desWorld)[1]_subj.15    0.173792   0.0506292   0.0677798   0.141181   0.176251   0.209479    0.264381   0.00115907
v_C(desWorld)[1]_subj.16    0.253073   0.0439746    0.165718   0.224271   0.253228     0.2819    0.339671  0.000442847
v_C(desWorld)[1]_subj.17    0.225305   0.0452759     0.13202     0.1962   0.226839   0.255458    0.311273  0.000549484
v_C(desWorld)[1]_subj.18     0.29359   0.0497293    0.201236    0.25991   0.291509   0.325197    0.399289  0.000761301
v_C(desWorld)[1]_subj.19    0.247262   0.0478894    0.151554   0.216526   0.247322   0.277587    0.343934  0.000460915
v_C(desWorld)[1]_subj.20    0.272544   0.0461493    0.182866   0.241975   0.271481   0.302484    0.365658  0.000540106
v_C(desWorld)[1]_subj.21    0.240309   0.0456412    0.146579   0.210936   0.241595       0.27    0.329364   0.00049213
v_C(desWorld)[1]_subj.22    0.254653   0.0501627    0.154459   0.222141   0.254631   0.286962     0.35341  0.000532531
v_C(desWorld)[1]_subj.23    0.252524   0.0454389    0.161945    0.22323   0.252152   0.282073    0.344525  0.000393982
v_C(desWorld)[1]_subj.24    0.233907   0.0433048    0.146941   0.205905   0.234612   0.262881    0.317128  0.000535423
v_C(desWorld)[1]_subj.25    0.250713   0.0521328     0.14678   0.217473   0.250709   0.284126    0.354429   0.00049658
v_C(desWorld)[1]_subj.26     0.26165   0.0439114    0.175597    0.23251   0.260805   0.290337    0.350106  0.000434798
v_C(desWorld)[1]_subj.27    0.230922    0.045171    0.140829   0.201711   0.232111   0.260906    0.317973  0.000500267
v_C(desWorld)[1]_subj.28    0.232724   0.0479569    0.135077   0.201448   0.234085   0.264492    0.324663  0.000600989
v_C(desWorld)[1]_subj.29    0.305946   0.0462618    0.221729   0.273812   0.304208   0.336422    0.401023  0.000791865
v_C(desWorld)[1]_subj.30    0.259474     0.05091    0.158306   0.226373   0.259535    0.29263     0.35936  0.000452123
v_C(desWorld)[1]_subj.31    0.256569   0.0428714    0.172025   0.228586    0.25657   0.284309    0.340761  0.000452446
v_C(desWorld)[1]_subj.32    0.255861   0.0488802     0.15829     0.2246   0.255508   0.287838    0.352893  0.000467577
v_C(desWorld)[1]_subj.33    0.246258    0.039403    0.168083   0.220725   0.246356   0.271844    0.324567  0.000399863
v_C(desWorld)[1]_subj.34    0.255504   0.0465682    0.163684   0.225374    0.25505   0.285521    0.349638  0.000441958
v_C(desWorld)[1]_subj.36    0.238416   0.0555243    0.122898   0.204122   0.240368   0.275018    0.345619  0.000647808
v_C(desWorld)[1]_subj.37    0.272689   0.0503339    0.175309   0.239284   0.271658   0.305015    0.374444  0.000510106
v_C(desWorld)[1]_subj.38    0.296857   0.0443626     0.21385   0.266749   0.295672   0.325862     0.38802  0.000616356
v_C(desWorld)[1]_subj.39    0.211244   0.0421717    0.125268   0.183752   0.213048   0.240138    0.289805  0.000704774
v_C(desWorld)[1]_subj.40    0.280878   0.0467953    0.191795   0.249461   0.279627   0.311295    0.375803  0.000545926
v_C(desWorld)[1]_subj.41    0.231101   0.0412341    0.147441    0.20431   0.231886   0.258889    0.310735   0.00051356
v_C(desWorld)[1]_subj.42    0.238068   0.0387001     0.15994   0.212833   0.238187   0.264315    0.313229  0.000431004
v_C(desWorld)[1]_subj.43    0.271327   0.0535779    0.168132   0.236189   0.269733    0.30478     0.38177  0.000587713
v_C(desWorld)[1]_subj.44    0.275803   0.0560882    0.169435   0.239143     0.2737   0.310974    0.393063  0.000608853
v_C(desWorld)[1]_subj.45     0.16493   0.0381194   0.0895627   0.139389   0.164969   0.191212    0.238485  0.000917357
v_C(desWorld)[1]_subj.46    0.302942   0.0499033    0.211559   0.268391   0.300619   0.335215    0.407205  0.000837174
v_C(desWorld)[1]_subj.47    0.236219   0.0487724    0.136257   0.204916   0.237237   0.268228    0.331536  0.000533436
v_C(desWorld)[1]_subj.48    0.252042    0.042964    0.167296   0.223356   0.252469   0.280452    0.335599  0.000401397
v_C(desWorld)[1]_subj.49    0.272223   0.0434898     0.18873    0.24337   0.271165   0.300061    0.360596  0.000480484
v_C(desWorld)[1]_subj.50    0.228237   0.0445327    0.137589   0.199342   0.229354   0.258173     0.31298  0.000576337
v_C(desWorld)[1]_subj.51     0.27139   0.0397927    0.194442   0.244868   0.270861   0.297141    0.351368  0.000433214
v_C(desWorld)[1]_subj.53    0.267744   0.0479693     0.17369   0.236289   0.266971   0.297866    0.365874  0.000503702
v_C(desWorld)[1]_subj.54    0.225087   0.0523773    0.114933   0.191801   0.227783     0.2602    0.324573  0.000672377
v_C(desWorld)[1]_subj.55    0.211613   0.0467968    0.114437   0.181212   0.213327   0.244032    0.298533  0.000737329
v_C(desWorld)[1]_subj.56    0.224862   0.0327152     0.16005   0.202974   0.225145   0.246754    0.288632  0.000455992
v_C(desWorld)[1]_subj.57    0.255828   0.0472084    0.160787   0.225078   0.255487   0.286605    0.349457  0.000446946
v_C(desWorld)[1]_subj.58    0.304715    0.045476    0.220641   0.273069   0.303081   0.334606    0.397297  0.000735306
v_C(desWorld)[1]_subj.59    0.262156   0.0440196    0.176028   0.233197   0.261475   0.290125     0.35115  0.000450471
v_C(desWorld)[1]_subj.60    0.257911   0.0491427    0.160988   0.225708    0.25754   0.289581    0.358153  0.000454754
v_C(desWorld)[1]_subj.61    0.240236   0.0514967    0.134895   0.207165   0.241503   0.274486      0.3394  0.000502694
v_C(desWorld)[1]_subj.62    0.214046   0.0467387    0.116655   0.184186   0.215944   0.245958    0.300734  0.000770571
v_C(desWorld)[1]_subj.63    0.295379   0.0485455    0.206512   0.262497   0.293166   0.326206    0.396518  0.000766772
v_C(desWorld)[1]_subj.64    0.308356    0.050864    0.214912   0.273609   0.305533    0.34107    0.414924  0.000813912
v_C(desWorld)[1]_subj.65    0.307525   0.0560077    0.207011   0.269095   0.303829   0.342733    0.427106   0.00103225
v_C(desWorld)[1]_subj.66    0.267584   0.0533712    0.163793   0.233123   0.266247   0.301073    0.376363   0.00052575
v_C(desWorld)[1]_subj.67    0.259086   0.0483709     0.16226   0.227341   0.259248   0.290716    0.354982  0.000444695
v_C(desWorld)[1]_subj.68    0.253048   0.0439967    0.164991   0.224397   0.253136   0.281678    0.339859  0.000465075
v_C(desWorld)[1]_subj.69    0.269522   0.0427495    0.186156   0.241114   0.268923   0.297461      0.3556  0.000503053
v_C(desWorld)[1]_subj.70    0.284985   0.0428468    0.204379   0.255998   0.283226   0.313033    0.371572   0.00053896
v_C(desWorld)[1]_subj.71    0.253163   0.0500619    0.155857   0.220545   0.252855   0.285689    0.355144  0.000451036
v_C(desWorld)[1]_subj.72    0.230591   0.0442993    0.140743   0.202078   0.231587    0.26068     0.31502  0.000590483
v_C(desWorld)[1]_subj.73    0.194847   0.0457015    0.099986   0.165229   0.196723    0.22658    0.279361  0.000902419
v_C(desWorld)[1]_subj.74     0.29111   0.0455603    0.207196   0.260198   0.288947   0.320726    0.385481  0.000619793
v_C(desWorld)[1]_subj.75    0.301882   0.0439112    0.220595   0.271298   0.300587   0.330593    0.393031  0.000613915
v_C(desWorld)[1]_subj.76    0.239054   0.0458213    0.146205   0.209635   0.239744   0.269226    0.327598  0.000515156
v_C(desWorld)[1]_subj.78    0.272018   0.0515346    0.173554   0.238175   0.270546   0.304741    0.377342  0.000545074
v_C(desWorld)[1]_subj.79    0.237348   0.0521633    0.130854   0.204708   0.238556   0.271879     0.33655  0.000606194
v_C(desWorld)[1]_subj.80     0.23431    0.042137    0.150911   0.206141   0.235491   0.262193    0.315924  0.000460986
v_C(desWorld)[1]_subj.81     0.26367   0.0406405    0.184613   0.236746   0.263184   0.289898    0.344843  0.000447725
v_C(desWorld)[1]_subj.82    0.193944   0.0390261    0.114483   0.168306   0.194949   0.220929    0.267728  0.000745078
v_C(desWorld)[1]_subj.83    0.261448    0.039079     0.18509   0.235507   0.261154   0.287443    0.339268  0.000367226
v_C(desWorld)[1]_subj.84    0.267957   0.0431261    0.183616   0.239857   0.267153   0.296178    0.354647  0.000407073
v_C(desWorld)[1]_subj.85    0.229117   0.0511835    0.124516   0.195763   0.230986   0.263405    0.326939  0.000668049
v_C(desWorld)[1]_subj.86    0.256076   0.0499385    0.158788   0.223427    0.25543    0.28835     0.35652  0.000458594
v_C(desWorld)[1]_subj.88    0.263605   0.0521221    0.160654    0.22962   0.263557   0.296866     0.36888  0.000492739
v_C(desWorld)[1]_subj.89    0.281387   0.0462311    0.193682   0.250213    0.28015   0.311337    0.376628    0.0005827
v_C(desWorld)[1]_subj.90    0.275058   0.0520182    0.174677   0.241022   0.273031   0.307677    0.383839  0.000578006
v_C(desWorld)[1]_subj.91    0.266883   0.0437082    0.182426   0.237277   0.266051   0.295676    0.354764  0.000412512
v_C(desWorld)[1]_subj.92    0.256465   0.0414737    0.175533   0.229335   0.256086   0.282948    0.339975  0.000328031
v_C(desWorld)[1]_subj.93     0.29752   0.0472498    0.209295   0.264832   0.295775   0.328302    0.393612  0.000735862
v_C(desWorld)[1]_subj.94    0.266813   0.0471873    0.175994   0.236112   0.266053   0.297368    0.362232  0.000444512
v_C(desWorld)[1]_subj.95    0.291808   0.0502795    0.197513   0.257638   0.289179    0.32375      0.3962  0.000741569
v_C(desWorld)[1]_subj.96    0.245055   0.0460728    0.152954   0.215024   0.245861   0.275363    0.335286  0.000443403
v_C(desWorld)[1]_subj.97    0.265584   0.0406203     0.18628    0.23838   0.265506   0.292423    0.345772  0.000363239
v_C(desWorld)[1]_subj.98    0.240244   0.0464672    0.148099   0.210208   0.240541   0.270875    0.331596  0.000527258
v_C(desWorld)[1]_subj.99    0.228114   0.0479368    0.129739   0.197089   0.229839   0.260064    0.320122  0.000590394
v_C(desWorld)[1]_subj.100   0.252384   0.0506511     0.15012   0.220377   0.252882   0.285044    0.352825  0.000461396
DIC: 42022.461174
deviance: 41728.642839
pD: 293.818335