                                  mean         std        2.5q        25q        50q        75q      97.5q       mc err
a                              4.60048    0.162086     4.28142     4.4891    4.60296     4.7103    4.91425   0.00146532
a_std                          1.50674    0.124615     1.28668    1.42003    1.49798    1.58428     1.7755   0.00114438
a_subj.2                       2.41326    0.138148     2.16451    2.31669     2.4072    2.50313    2.70398   0.00147093
a_subj.3                       3.43999    0.178448     3.10934    3.31621     3.4338    3.55583    3.80976   0.00205077
a_subj.4                       4.57017    0.276977     4.07239    4.37754    4.55548    4.75051    5.15447   0.00399598
a_subj.6                       3.26215    0.181365     2.92822    3.13627     3.2553     3.3784    3.64214   0.00238471
a_subj.7                       2.28349    0.122523     2.06236    2.19814     2.2776    2.36213     2.5391   0.00143682
a_subj.8                       3.23447    0.179962     2.90674    3.11146    3.22704    3.35059    3.61176   0.00249596
a_subj.9                       4.77484    0.267435     4.28145     4.5903    4.76404    4.94304    5.33846   0.00283914
a_subj.11                      3.59669    0.210569      3.2135    3.45017    3.58785    3.73046    4.03926   0.00266283
a_subj.12                      4.53938    0.257712     4.06953     4.3604    4.53015    4.70512    5.07538   0.00294193
a_subj.13                      4.50979    0.306076     3.94711      4.298    4.49868    4.70995    5.14231   0.00374523
a_subj.14                      3.23105    0.180566       2.901    3.10429    3.22164    3.34697    3.61143   0.00180799
a_subj.15                      6.13869    0.335379     5.51406    5.90386    6.12934    6.36254     6.8327   0.00406091
a_subj.16                      5.47645    0.320585     4.89255    5.25188    5.46217    5.68023    6.14926   0.00405999
a_subj.17                      4.52903    0.252299     4.07063    4.35292    4.51657    4.69254    5.04827   0.00296235
a_subj.18                      4.98067    0.274219     4.47036    4.79197    4.96703    5.15928    5.54718   0.00292918
a_subj.19                      3.97671    0.209777     3.58766    3.82983    3.96794    4.11532    4.41356   0.00224264
a_subj.20                      4.34295    0.243137     3.90121    4.17313    4.33245    4.50438    4.84597   0.00301886
a_subj.21                      4.08564    0.223462       3.681    3.92855    4.07745    4.22859    4.55277   0.00240274
a_subj.22                      3.30571    0.184391     2.97078     3.1773    3.29647     3.4234    3.69989   0.00189289
a_subj.23                      4.85993     0.25445     4.38455    4.68464    4.85085    5.02522    5.37573   0.00254372
a_subj.24                      5.48378    0.313398     4.91013    5.26643    5.46652    5.68666    6.14218   0.00431789
a_subj.25                      2.13992    0.115653     1.92547    2.06031    2.13494    2.21381    2.38004   0.00116099
a_subj.26                      5.20338    0.296254     4.66387     4.9954    5.19231    5.39276    5.82587   0.00368445
a_subj.27                      4.64379     0.25352      4.1794    4.46641    4.63066    4.80821    5.17698   0.00253542
a_subj.28                      3.91527    0.217756     3.51604    3.76404    3.90391     4.0562    4.36452   0.00234898
a_subj.29                      5.53604    0.351291      4.9131    5.28972    5.51632    5.76417    6.27731   0.00449037
a_subj.30                      2.88779     0.16233     2.59365    2.77558    2.88138    2.99136     3.2272   0.00206044
a_subj.31                      5.96968    0.339132     5.34668    5.73256    5.95904    6.19108    6.67397   0.00380772
a_subj.32                      3.91011    0.218436     3.50946     3.7581    3.90177    4.05164    4.36912   0.00285385
a_subj.33                      7.49973    0.460966     6.65238    7.17866     7.4824    7.80161    8.46423   0.00555567
a_subj.34                      4.22053    0.240613     3.78705    4.05287    4.20921    4.37481    4.72589    0.0030057
a_subj.36                      2.12539    0.124397     1.89571    2.04009    2.11956    2.20423    2.38948   0.00150157
a_subj.37                      3.50961    0.188388     3.15925    3.38099    3.50237    3.63021    3.90171   0.00208899
a_subj.38                       5.5386    0.358808     4.89325    5.29162    5.51693    5.75987    6.30701   0.00483711
a_subj.39                      5.26335    0.293854     4.72319    5.06202    5.24897     5.4479    5.88476   0.00338229
a_subj.40                      5.01092     0.29012     4.48123    4.80804    4.99806    5.19782    5.62153    0.0032576
a_subj.41                      6.27225    0.362675      5.5966     6.0211    6.26024    6.50453    7.03019   0.00425912
a_subj.42                      7.33744    0.416717     6.57653    7.04867    7.32178    7.60488    8.20966   0.00519869
a_subj.43                      2.45739    0.139283     2.20344    2.36093     2.4512    2.54678    2.74763   0.00158401
a_subj.44                      1.53949   0.0811486     1.38927    1.48386    1.53617    1.59257     1.7071   0.00100053
a_subj.45                      8.34596    0.437877     7.53904    8.04274      8.325    8.62935    9.26016   0.00454001
a_subj.46                      4.83358    0.293046     4.29882    4.62874    4.81864    5.02271    5.45048   0.00362853
a_subj.47                      3.51722    0.198125     3.15181    3.38005    3.50885    3.64576    3.92444    0.0020813
a_subj.48                      5.15879    0.309369     4.59582     4.9406    5.14638    5.36446    5.79353   0.00419524
a_subj.49                      5.46157    0.310906     4.88958    5.24856    5.44534    5.66472    6.11025   0.00346184
a_subj.50                      4.96082    0.274403     4.45997    4.76994    4.94613    5.14054    5.53606   0.00289413
a_subj.51                       8.2848    0.489025     7.39779    7.95132    8.26134    8.59791    9.30042   0.00639282
a_subj.53                      4.06866    0.224941     3.65671    3.90974    4.06349    4.21354    4.53834    0.0021667
a_subj.54                      3.09315    0.166672     2.78989    2.97606    3.08462    3.20442    3.43739   0.00191598
a_subj.55                      4.96553    0.263269     4.47925    4.78134    4.95511    5.13644    5.50589   0.00313235
a_subj.56                      8.78277    0.473156     7.91827    8.45145    8.76303    9.09746    9.76317   0.00558517
a_subj.57                      4.46974    0.252752     4.01053    4.29423    4.45513     4.6334    4.99971   0.00253892
a_subj.58                      5.44339    0.340067      4.8127    5.20596    5.42883    5.66658    6.14966   0.00442423
a_subj.59                      6.32008      0.3819     5.62441     6.0524    6.30449     6.5642    7.11455   0.00526487
a_subj.60                      3.38748    0.186276     3.05702     3.2588    3.37549    3.50623    3.79004   0.00220734
a_subj.61                      2.94562    0.164396     2.63983    2.83237    2.93913    3.05358    3.28475   0.00173217
a_subj.62                       4.4499    0.250535     3.99335    4.27452    4.43915    4.61124    4.97542   0.00267475
a_subj.63                      4.47556    0.266682     3.98857    4.28978    4.46698    4.64708    5.02922   0.00314473
a_subj.64                      4.14042    0.242743     3.69787    3.96981    4.12868    4.29778    4.65003   0.00314708
a_subj.65                      3.36061     0.20577     2.98665    3.21882    3.35034    3.49148    3.79464   0.00210572
a_subj.66                      2.29992    0.123289     2.07347     2.2139    2.29388    2.38025    2.55518   0.00133922
a_subj.67                      3.65631    0.212644     3.27464    3.50618    3.64492     3.7935    4.10769   0.00243443
a_subj.68                      4.77376    0.264701     4.28544    4.59023    4.76026    4.94555    5.33167   0.00303746
a_subj.69                      5.14933    0.291324     4.61217    4.94619    5.13695    5.33823    5.75245   0.00305218
a_subj.70                      5.92437    0.365571     5.24776    5.67137    5.90872    6.16329    6.68494   0.00459531
a_subj.71                      3.52122    0.203916     3.15143    3.37817     3.5105    3.65255       3.95   0.00263192
a_subj.72                      5.68987    0.326865     5.09816    5.45926    5.67566    5.90427    6.37091   0.00335282
a_subj.73                      5.28019    0.281004     4.77032    5.08307    5.26835    5.46328    5.86118   0.00254907
a_subj.74                      6.25717    0.384736      5.5624    5.98911    6.24159    6.50243    7.05836   0.00452815
a_subj.75                      5.85911    0.326237     5.26484    5.63218    5.84206    6.06996    6.54291   0.00389183
a_subj.76                      4.63513    0.272671     4.13927    4.44458    4.62419    4.81098    5.20442   0.00323424
a_subj.78                      2.86037    0.154623     2.57707     2.7528    2.85278    2.96097    3.18048   0.00161061
a_subj.79                      2.99608    0.172424     2.67972      2.876    2.98907    3.10599    3.35555   0.00211887
a_subj.80                      5.81083    0.328158      5.2101    5.58564    5.79512    6.02637    6.48448   0.00418403
a_subj.81                      6.80327    0.409346      6.0501    6.52014    6.78423    7.06745    7.66176   0.00443529
a_subj.82                      7.16247    0.387458     6.44631    6.89371    7.14555     7.4129     7.9723    0.0047114
a_subj.83                      5.50605    0.310133     4.94025    5.28962    5.49316    5.70817    6.15173   0.00359645
a_subj.84                      5.45743    0.309974       4.885    5.24433    5.44585    5.65608    6.10358   0.00383584
a_subj.85                      3.45374    0.213967     3.06963    3.30489     3.4408    3.58906    3.90923   0.00264104
a_subj.86                      3.58413    0.200486     3.20778    3.44556    3.57813    3.71433    3.99523   0.00227151
a_subj.88                      3.04686    0.199338     2.68501    2.90899    3.03924    3.17362    3.46666   0.00239157
a_subj.89                      4.83306    0.279456     4.32295    4.63985    4.82166    5.01462    5.41326   0.00334865
a_subj.90                      2.88654    0.158039     2.59596     2.7766    2.88068    2.98919     3.2123   0.00163449
a_subj.91                      6.35466    0.428169     5.56946    6.05377    6.33349     6.6321    7.24849   0.00591669
a_subj.92                      5.78134    0.326063     5.18975    5.55116    5.76632    5.99258    6.46999   0.00392064
a_subj.93                      4.98548    0.279764     4.46301    4.79152    4.97604    5.16737    5.56337   0.00333964
a_subj.94                      4.57993    0.259539     4.10295    4.40075    4.56954    4.74633    5.11742   0.00285127
a_subj.95                       4.0888    0.235519     3.65537    3.92589     4.0774    4.24146    4.58968   0.00281954
a_subj.96                      4.97375    0.273843     4.46734    4.78433    4.96179    5.15201    5.53174   0.00276364
a_subj.97                      6.31249    0.402255     5.58131    6.03306    6.29347    6.56791    7.15376   0.00512228
a_subj.98                      4.44629    0.238575     4.00654    4.28027    4.43635    4.59965    4.94119   0.00202686
a_subj.99                      3.69667    0.212461     3.30697    3.55019    3.68474    3.83538    4.14372   0.00237778
a_subj.100                     3.30216    0.177492     2.97031    3.17919    3.29605    3.41577    3.67013   0.00187149
t                             0.913987    0.362483     0.12638   0.674624   0.965437     1.1886    1.49147   0.00748488
t_std                          1.49352    0.224059     1.11765    1.32896    1.47114    1.63912    1.97318   0.00463208
t_subj.2                      0.445075   0.0454304    0.341197   0.418299    0.45056   0.477911   0.517331  0.000507935
t_subj.3                       1.34643   0.0692223     1.18341    1.30681    1.35682    1.39656    1.45211  0.000783969
t_subj.4                      0.977161    0.157455    0.625275   0.882847    0.99498     1.0884    1.24068   0.00214268
t_subj.6                      0.773713   0.0726652    0.607206   0.731497   0.781824   0.826097   0.889291   0.00100829
t_subj.7                      0.981206   0.0428844    0.882868   0.957161   0.986853    1.01199    1.04813  0.000558714
t_subj.8                       1.80763   0.0806937     1.62304    1.75994     1.8168    1.86477    1.93766    0.0011187
t_subj.9                       1.13856    0.138295    0.813071    1.06016    1.15881    1.23897    1.35082   0.00181024
t_subj.11                     0.599823   0.0732265    0.428416   0.559457   0.610126   0.653175   0.708617   0.00105896
t_subj.12                       1.8114    0.139376     1.48801    1.72953    1.82881    1.91093    2.03516   0.00178309
t_subj.13                      2.03231     0.17727     1.63094    1.92527    2.05309    2.16315    2.31495   0.00227344
t_subj.14                      1.08369   0.0685607    0.924138    1.04465    1.09271    1.13277    1.18998  0.000713411
t_subj.15                     0.610435     0.23042    0.120182   0.458203   0.626509   0.779653    1.01593   0.00307395
t_subj.16                      3.34252    0.204547     2.88542    3.22094    3.36555    3.49009    3.67532   0.00256736
t_subj.17                      1.44035    0.154351     1.09015    1.34746    1.45902    1.54962    1.69222    0.0017971
t_subj.18                      1.02276    0.163403     0.64409   0.926266    1.04467    1.14177    1.27732   0.00233113
t_subj.19                       1.0178    0.104343    0.777276   0.956431    1.03009    1.09309    1.18412   0.00117049
t_subj.20                       0.5113     0.14626    0.187141   0.421737   0.524338   0.615609   0.761697   0.00195741
t_subj.21                      1.02764    0.117583    0.755069   0.960871    1.04377    1.11223     1.2109   0.00153523
t_subj.22                       1.4526   0.0841809     1.25897    1.40338     1.4626    1.51244     1.5876    0.0010075
t_subj.23                     0.136546   0.0887697  0.00721795  0.0626372   0.126756   0.198734   0.326402   0.00104533
t_subj.24                      2.64702    0.229274     2.12549    2.51037    2.67718    2.80983    3.01207   0.00308033
t_subj.25                      1.48347   0.0316697      1.4117    1.46501    1.48748    1.50641    1.53299  0.000364679
t_subj.26                      1.28698    0.166491    0.904071    1.18919    1.30843     1.4078    1.54572   0.00222171
t_subj.27                      2.07076    0.161212     1.70667    1.97558    2.08813    2.18703    2.33356   0.00172646
t_subj.28                      2.49088    0.100161      2.2585    2.43328    2.50395    2.56188    2.64864   0.00106137
t_subj.29                      3.83387    0.265394     3.23987    3.66973    3.86438    4.02468    4.27205   0.00342058
t_subj.30                     0.910458   0.0672641    0.756048   0.871208   0.919258   0.958777    1.01551  0.000868606
t_subj.31                     0.842233    0.240123    0.302161   0.696618   0.866078    1.01362    1.24692   0.00258227
t_subj.32                      0.96959    0.129423    0.683145   0.890676   0.982372     1.0636    1.18312    0.0017982
t_subj.33                      3.37626     0.31917     2.64129    3.19319    3.41552    3.60566    3.87811    0.0040427
t_subj.34                      1.12094    0.151336     0.78411    1.02897    1.13668     1.2284    1.37464    0.0019338
t_subj.36                     0.448347   0.0372542    0.362044   0.426971   0.453064   0.474757   0.508165  0.000500285
t_subj.37                     0.279681   0.0890378   0.0785028   0.224184   0.287988     0.3446   0.427179   0.00110103
t_subj.38                      3.02874    0.233455     2.50543    2.88952    3.05778    3.19524    3.40786   0.00313107
t_subj.39                      1.94707    0.195906     1.49859    1.83573    1.97218    2.08557    2.25849   0.00256068
t_subj.40                      3.04997    0.175878     2.63667    2.95069    3.07124    3.17661    3.32816   0.00209787
t_subj.41                      2.33747    0.261422     1.73759    2.18294    2.36826    2.52328    2.76236   0.00306384
t_subj.42                      1.92421    0.374058     1.07315    1.69954    1.95901    2.19168    2.54531   0.00489891
t_subj.43                      0.80719   0.0527163    0.686519   0.776401   0.812488   0.844696   0.893439  0.000644463
t_subj.44                     0.933371   0.0164704     0.89509   0.923872    0.93568   0.945158   0.958914  0.000203704
t_subj.45                      1.71028    0.428049    0.743263    1.44597    1.75722    2.02274    2.40728   0.00483449
t_subj.46                     0.630768     0.18824    0.212883   0.511079   0.645526   0.764737   0.959168   0.00250878
t_subj.47                     0.886571   0.0859624    0.691736     0.8371   0.897378   0.948117      1.023  0.000973635
t_subj.48                     0.754654    0.239374    0.236266   0.602164   0.771445   0.925177    1.16991   0.00331171
t_subj.49                      3.30633     0.19027     2.86452    3.19621    3.33173    3.44251     3.6032   0.00233641
t_subj.50                      1.71822    0.180662     1.30475    1.61402    1.73876    1.84755    2.00836   0.00221082
t_subj.51                      4.33486    0.466537     3.24489    4.06363    4.39394    4.66834    5.07093   0.00637606
t_subj.53                       1.2323    0.108071    0.980362    1.17104    1.24434    1.30968    1.40453   0.00109933
t_subj.54                      1.59748   0.0667909     1.44142    1.55936    1.60671    1.64504    1.70327  0.000831312
t_subj.55                     0.933131    0.197041    0.486418   0.816489   0.955344    1.07458    1.25763   0.00257086
t_subj.56                      1.37957    0.422021    0.447523    1.11908    1.41503    1.68561    2.09038   0.00444423
t_subj.57                      1.29128    0.158069    0.930337    1.19986    1.30891    1.40382    1.54572   0.00181515
t_subj.58                     0.875984     0.23335    0.349865   0.735162   0.898731    1.04171    1.27164    0.0030572
t_subj.59                      2.31438     0.29108      1.6698    2.13387    2.34236    2.52595    2.79818   0.00405985
t_subj.60                      1.02739   0.0939759     0.81679   0.970915     1.0379     1.0947    1.18219   0.00124801
t_subj.61                      1.76149   0.0624517     1.61961    1.72487    1.76946    1.80609    1.86048   0.00074357
t_subj.62                      3.10379    0.129781     2.80675    3.02967    3.12066    3.19674    3.30667   0.00142974
t_subj.63                      2.20886    0.143446     1.88213    2.12683    2.22433    2.31159    2.44296   0.00166039
t_subj.64                      1.25993    0.116824    0.994781    1.19079     1.2729    1.34358    1.44853   0.00156714
t_subj.65                      1.17096   0.0669924      1.0127    1.13318     1.1791    1.21871    1.27583  0.000890477
t_subj.66                      1.25243   0.0358265      1.1694    1.23166    1.25705     1.2785    1.30832  0.000454328
t_subj.67                      1.70815    0.108589     1.46066    1.64511    1.71958    1.78488    1.88673   0.00129753
t_subj.68                     0.643369    0.157361    0.290217   0.547352   0.658502   0.755408   0.906261   0.00177204
t_subj.69                      3.05908    0.181027      2.6316    2.95499    3.08371    3.18799    3.34398   0.00216706
t_subj.70                     0.779779    0.248844    0.244892   0.617976   0.802042   0.959634    1.20885   0.00297044
t_subj.71                     0.975453    0.110067    0.727116   0.910298   0.986912    1.05402    1.15808   0.00141854
t_subj.72                      2.34421    0.175414     1.92971    2.24427    2.36841    2.46951    2.61476   0.00202281
t_subj.73                      1.63864    0.179787     1.21885    1.53886    1.66246    1.76536    1.92075   0.00195206
t_subj.74                      2.64465    0.255017     2.07125    2.49092    2.67796    2.82591    3.05781   0.00315908
t_subj.75                      1.42244    0.237763    0.889063    1.28158    1.45141    1.59391    1.80466   0.00256354
t_subj.76                        1.772    0.156193     1.41898    1.67828    1.79005    1.88423    2.02495   0.00199518
t_subj.78                      1.29772   0.0562778     1.16806    1.26569    1.30505    1.33789    1.38539  0.000578836
t_subj.79                     0.355687   0.0618764    0.216795   0.319986   0.362624   0.399439   0.456311  0.000743062
t_subj.80                      1.05011    0.246436    0.494094   0.903182     1.0765    1.22777    1.45337    0.0029419
t_subj.81                      2.41902    0.302075     1.72358    2.24307    2.44986    2.63391    2.91148    0.0034312
t_subj.82                      1.45606    0.379639    0.617805    1.21815    1.48859    1.72607    2.09986   0.00486379
t_subj.83                     0.699771    0.243595    0.175996    0.53821   0.717379   0.877672    1.12563    0.0029406
t_subj.84                       2.7213    0.202942     2.25951    2.60217    2.74671    2.86808     3.0412   0.00254971
t_subj.85                      1.41374    0.109306      1.1633    1.35092    1.42678    1.49096    1.59137   0.00125711
t_subj.86                     0.813341    0.096599    0.593677   0.756073   0.824478   0.882971   0.967098   0.00122079
t_subj.88                      0.98701   0.0808644      0.7912   0.943304   0.998965    1.04482    1.11078   0.00103517
t_subj.89                      1.81946    0.157414     1.46061    1.72667    1.84018    1.93301    2.06681   0.00188321
t_subj.90                     0.734207   0.0555238    0.602163   0.703138   0.742021   0.773792   0.820455  0.000633733
t_subj.91                      5.90171    0.374707     5.04227    5.68195    5.95373    6.17367    6.48902   0.00498639
t_subj.92                      2.16589    0.238171     1.61715    2.02727    2.19415    2.33538    2.54543   0.00301948
t_subj.93                      2.20184    0.152585     1.84785    2.11406    2.22204    2.31126    2.43962   0.00193555
t_subj.94                      1.06783    0.132766    0.754763   0.992723    1.08473    1.16434    1.27201   0.00170871
t_subj.95                     0.721602     0.12081     0.44389   0.649317   0.734971   0.807851   0.917169   0.00146835
t_subj.96                      1.17166      0.1703    0.794396     1.0711    1.19074    1.29274    1.45069   0.00159928
t_subj.97                      5.00274    0.291736     4.33157    4.83869    5.03885    5.20907    5.46845   0.00376233
t_subj.98                       2.0455    0.121566     1.76544    1.97716    2.05886    2.13177    2.23767   0.00124906
t_subj.99                     0.973476    0.103008    0.735717   0.913545   0.987643    1.04763    1.13581   0.00124655
t_subj.100                     1.21427    0.067883     1.05775    1.17506    1.22332    1.26263    1.32015  0.000730283
sz                            0.067591   0.0451724  0.00314823  0.0306221  0.0612735  0.0983162   0.165953  0.000708854
z                             0.497596  0.00646933    0.484798    0.49329   0.497616   0.501967    0.51028  0.000121555
z_std                         0.188455   0.0233365    0.144952   0.172327   0.187543   0.203673   0.237078  0.000460563
z_subj.2                      0.515317   0.0284205     0.45982   0.496208   0.515327   0.534607   0.570198  0.000228792
z_subj.3                      0.460102   0.0285604    0.404232   0.441073   0.459912   0.479318   0.516859  0.000268681
z_subj.4                      0.485065   0.0274831    0.431573   0.466347   0.485007   0.503733   0.538166  0.000264075
z_subj.6                      0.435072   0.0299468    0.376568    0.41512   0.435225   0.454946   0.494031  0.000389023
z_subj.7                      0.516575   0.0267826    0.464771   0.498466   0.516761   0.534877    0.56849  0.000257212
z_subj.8                      0.531846   0.0275964    0.477313   0.513438   0.531962   0.550401   0.585921  0.000268929
z_subj.9                      0.453882   0.0301326    0.395008   0.433605   0.453956   0.474371   0.512338  0.000387395
z_subj.11                     0.403649   0.0308052    0.343694   0.382795   0.403711   0.424625   0.464043  0.000435223
z_subj.12                     0.476808   0.0286912    0.421218   0.457419   0.476817   0.496298   0.533304  0.000294394
z_subj.13                     0.500159   0.0305367    0.440517   0.479691   0.500088   0.520583   0.560342  0.000286417
z_subj.14                     0.446495     0.02888    0.389669   0.427097   0.446182   0.466108   0.504178  0.000313601
z_subj.15                     0.580847   0.0296945    0.523201   0.560551   0.580543   0.600856   0.639846  0.000403064
z_subj.16                     0.530594   0.0289221    0.474145   0.510921   0.530342   0.550175   0.587678  0.000338597
z_subj.17                     0.478329   0.0280338    0.423487   0.459491   0.478316   0.496942   0.533646  0.000316531
z_subj.18                     0.603748   0.0315559    0.541865   0.582581   0.604079   0.625012   0.665295  0.000479864
z_subj.19                     0.451507   0.0285743    0.396487   0.432287   0.451202   0.470662   0.507784  0.000261592
z_subj.20                     0.463582   0.0282184    0.408234   0.444647    0.46374   0.482418   0.518515  0.000310806
z_subj.21                     0.508895   0.0281197    0.452986   0.489929   0.508936   0.527987   0.563031  0.000269621
z_subj.22                      0.50467   0.0274778    0.451605   0.485908   0.504767   0.522978   0.559529   0.00025847
z_subj.23                      0.49455   0.0294158     0.43722    0.47498   0.494435    0.51417   0.552185  0.000284132
z_subj.24                     0.505131   0.0285356    0.449727   0.485686   0.505016   0.524366   0.561652  0.000343501
z_subj.25                     0.467765   0.0273028    0.414539   0.449069   0.467686   0.486361   0.521149  0.000258588
z_subj.26                     0.535164   0.0293596    0.477548   0.515331   0.535085    0.55511   0.592678   0.00029793
z_subj.27                     0.450558   0.0289864    0.393512   0.431046   0.450748   0.470529   0.506681  0.000266345
z_subj.28                     0.527222   0.0282555    0.471784   0.508321   0.527342   0.546053   0.582278  0.000283346
z_subj.29                      0.52558   0.0280206    0.471288   0.506589   0.525554   0.544364   0.580427  0.000290473
z_subj.30                     0.460051   0.0280279    0.405702   0.440917   0.459862   0.479154   0.515212  0.000281243
z_subj.31                     0.482339   0.0281075    0.427653   0.462965   0.482184   0.501155   0.537894  0.000280877
z_subj.32                     0.509597    0.027377    0.456134   0.491336   0.509387   0.528122   0.563461  0.000241839
z_subj.33                     0.429803   0.0304343    0.370119   0.409388   0.429876   0.450465   0.488999  0.000400162
z_subj.34                     0.529709   0.0275991    0.475577   0.511353   0.529709   0.548232   0.584593  0.000284247
z_subj.36                     0.542513   0.0295613    0.484064   0.522677   0.542331    0.56269   0.600271  0.000309123
z_subj.37                     0.561851   0.0287144    0.505924   0.542395   0.561632   0.581381    0.61834  0.000307717
z_subj.38                     0.517891   0.0291401    0.460391   0.498327   0.518053   0.537522   0.574762  0.000304948
z_subj.39                     0.477505   0.0280464    0.422364   0.458383    0.47771   0.496563   0.531635  0.000269867
z_subj.40                      0.51829   0.0280542    0.462822   0.499257   0.518278   0.537322   0.573428  0.000297448
z_subj.41                      0.48347   0.0288974    0.426845   0.464192   0.483676    0.50301    0.54026  0.000303684
z_subj.42                     0.480468   0.0282574    0.426122   0.461319   0.480151   0.499838   0.535972  0.000280935
z_subj.43                     0.468634   0.0263764    0.416543   0.451014   0.468751   0.486529   0.520291  0.000259117
z_subj.44                     0.498852   0.0271626    0.445314   0.480597   0.498901   0.517091   0.552773   0.00022002
z_subj.45                     0.468122   0.0297378    0.410162   0.447848   0.468295   0.488291   0.527253  0.000319388
z_subj.46                     0.523405   0.0280101    0.467871   0.504955   0.523571    0.54222   0.577719  0.000262495
z_subj.47                     0.472875   0.0278691     0.41787   0.454177   0.473203   0.491528   0.527108  0.000287314
z_subj.48                     0.501402     0.02727     0.44902   0.482861   0.501266   0.519484    0.55525   0.00027822
z_subj.49                      0.51375   0.0287406    0.457885   0.494431    0.51368    0.53315   0.569833  0.000301034
z_subj.50                     0.520406   0.0286146    0.463879   0.501303   0.520449   0.539855   0.576248  0.000292651
z_subj.51                     0.538248   0.0301799    0.478762   0.517942   0.538769   0.558256   0.597945  0.000370199
z_subj.53                     0.559932   0.0296991    0.501437   0.539881   0.560008   0.580162   0.618424  0.000326853
z_subj.54                     0.517142   0.0279572    0.462863   0.498497   0.517048   0.535933   0.571409  0.000276612
z_subj.55                     0.516446   0.0275228    0.462698   0.498204   0.516191   0.535203   0.569992  0.000253379
z_subj.56                     0.472437   0.0291343    0.415606   0.452711   0.472605    0.49189   0.530167  0.000320428
z_subj.57                     0.553152   0.0288983     0.49662    0.53354   0.553343   0.572845   0.609365  0.000325482
z_subj.58                     0.488598   0.0283188    0.432863   0.469384   0.488451   0.507712   0.544105  0.000287751
z_subj.59                     0.503031   0.0284741    0.447302   0.484051   0.503197   0.521986   0.558982  0.000259004
z_subj.60                     0.544255   0.0273881    0.490549   0.525866   0.544319   0.562419   0.597773  0.000272693
z_subj.61                     0.543087   0.0286329    0.487268   0.523669   0.543015   0.562675   0.599277  0.000296365
z_subj.62                     0.479714   0.0283765    0.423164   0.460458   0.479923   0.498777   0.535206  0.000315931
z_subj.63                     0.531744   0.0285669    0.475206   0.512699   0.531803   0.550896   0.587234  0.000267559
z_subj.64                     0.504615   0.0279974    0.450262   0.485783   0.504413   0.523306   0.560782  0.000311492
z_subj.65                     0.610154   0.0323704    0.547257   0.588142   0.609993   0.631981   0.672947  0.000531084
z_subj.66                     0.451797   0.0279667    0.397028     0.4327   0.451848   0.470965   0.506269  0.000279119
z_subj.67                     0.515028   0.0272045    0.462246   0.496642   0.514877   0.533613   0.568746  0.000255791
z_subj.68                     0.478922   0.0283017    0.422878   0.460001   0.479257   0.498003   0.534165  0.000277853
z_subj.69                     0.537691   0.0291236    0.479808   0.518251   0.537421   0.557091   0.595661  0.000361685
z_subj.70                     0.487494   0.0279438    0.433858   0.468569   0.487078   0.506021   0.543371  0.000299499
z_subj.71                     0.486947   0.0271863    0.434351     0.4684    0.48679   0.505206   0.539945  0.000231298
z_subj.72                     0.428032   0.0295929    0.370606    0.40807    0.42783     0.4477   0.487685  0.000362184
z_subj.73                     0.457804   0.0284837    0.402358   0.438376     0.4575   0.477143   0.514112  0.000323564
z_subj.74                     0.460099   0.0294301    0.401944   0.440543   0.459898    0.48005   0.517724  0.000339015
z_subj.75                      0.46935    0.029304     0.41243   0.449445   0.469226   0.488883   0.527653  0.000342533
z_subj.76                     0.512894   0.0278545    0.458379   0.494171   0.512831    0.53176    0.56773   0.00029229
z_subj.78                     0.481991   0.0274213    0.428495    0.46355   0.481942    0.50025   0.536202  0.000241804
z_subj.79                     0.509752   0.0284692    0.453647   0.490566   0.509685   0.528938   0.565801  0.000248711
z_subj.80                     0.516358   0.0292168    0.458777   0.496676   0.516424   0.536476   0.572921  0.000323188
z_subj.81                     0.464519   0.0291399    0.406883   0.444958   0.464854   0.483918   0.521958  0.000344513
z_subj.82                     0.521562   0.0290334    0.464326   0.502426   0.521794   0.540876   0.578506  0.000328351
z_subj.83                     0.467682   0.0280246    0.413195   0.448968   0.467061   0.486486   0.523303  0.000302835
z_subj.84                     0.483472   0.0287223    0.427171   0.464036   0.483343   0.502704   0.540379  0.000293973
z_subj.85                     0.502565   0.0295663    0.444271   0.482462   0.502431   0.522661   0.560064  0.000275896
z_subj.86                     0.512163   0.0277579    0.457145   0.493353    0.51208   0.531047   0.566888  0.000266161
z_subj.88                     0.484081   0.0298773    0.425243   0.464036   0.484401   0.504298   0.542121  0.000268832
z_subj.89                     0.475727   0.0278794    0.422135   0.456737   0.475648   0.494207   0.530839  0.000287324
z_subj.90                     0.502202   0.0280447    0.447237   0.483433   0.502267   0.520983   0.557104  0.000223107
z_subj.91                     0.512778   0.0303221    0.452422   0.492584   0.512994   0.533128   0.571102  0.000290492
z_subj.92                     0.476599   0.0278656    0.422181   0.457697   0.476594    0.49539   0.530995  0.000253984
z_subj.93                     0.449135   0.0287981    0.392699   0.429701   0.449162   0.468595   0.505445  0.000352555
z_subj.94                     0.488623   0.0287564    0.431906   0.469184   0.488405    0.50791   0.544919  0.000302172
z_subj.95                     0.463252    0.027833    0.409016   0.444446    0.46333   0.481887   0.517796  0.000278362
z_subj.96                     0.517093   0.0281838    0.462478   0.497962   0.516805   0.536174    0.57231  0.000250744
z_subj.97                     0.498999   0.0289554    0.441897   0.479539   0.499015    0.51868   0.555593  0.000324759
z_subj.98                     0.466821   0.0285388    0.410846   0.447613   0.466646   0.486228    0.52356  0.000282186
z_subj.99                     0.485649   0.0286556    0.429052    0.46646   0.485531   0.504712   0.542213  0.000298955
z_subj.100                    0.522156   0.0281889    0.467045   0.503117   0.522316   0.541399   0.577327  0.000273136
v_C(whichWorld)[0]           -0.242684   0.0114244   -0.265561  -0.250263  -0.242509  -0.234984  -0.220674  0.000242865
v_C(whichWorld)[0]_std       0.0631141   0.0135688   0.0366247  0.0539125   0.063037  0.0722084  0.0899025  0.000549064
v_C(whichWorld)[0]_subj.2    -0.257573   0.0602173    -0.37961  -0.295909  -0.256558  -0.218226  -0.140204  0.000589342
v_C(whichWorld)[0]_subj.3    -0.189106   0.0573688   -0.295962  -0.228073  -0.191788  -0.152401 -0.0716096  0.000850119
v_C(whichWorld)[0]_subj.4    -0.322607   0.0586491    -0.44396   -0.36145    -0.3192  -0.280938  -0.216925   0.00115863
v_C(whichWorld)[0]_subj.6     -0.28028   0.0579629   -0.401879  -0.316973  -0.278517  -0.241319  -0.171247  0.000779811
v_C(whichWorld)[0]_subj.7    -0.257419   0.0596451   -0.377648  -0.295984  -0.256512  -0.218273  -0.139839  0.000592324
v_C(whichWorld)[0]_subj.8     -0.20442   0.0554362    -0.31051   -0.24126  -0.206339  -0.168901  -0.090903  0.000721354
v_C(whichWorld)[0]_subj.9    -0.267448   0.0499232   -0.368716  -0.299976  -0.266282  -0.233548  -0.172528  0.000566909
v_C(whichWorld)[0]_subj.11   -0.310684   0.0622598   -0.441504  -0.350972  -0.307101  -0.267236  -0.198519    0.0011552
v_C(whichWorld)[0]_subj.12    -0.25842   0.0498109   -0.358941  -0.291132  -0.257421  -0.225233  -0.161172  0.000520928
v_C(whichWorld)[0]_subj.13   -0.262335   0.0549944   -0.376313  -0.297712  -0.260449  -0.226187  -0.157369  0.000601908
v_C(whichWorld)[0]_subj.14   -0.292436   0.0587928   -0.416825  -0.329738  -0.289583  -0.252279  -0.184301  0.000893636
v_C(whichWorld)[0]_subj.15   -0.277577   0.0421513   -0.362177  -0.305364  -0.276906  -0.249029  -0.197072  0.000522452
v_C(whichWorld)[0]_subj.16   -0.289313    0.047763    -0.38552   -0.32096  -0.288129  -0.256873  -0.198362  0.000691948
v_C(whichWorld)[0]_subj.17   -0.213303   0.0488623   -0.307151   -0.24567  -0.214175  -0.181875  -0.113692  0.000518042
v_C(whichWorld)[0]_subj.18   -0.144852   0.0498938   -0.237678  -0.179822  -0.146289  -0.112162 -0.0434197   0.00100132
v_C(whichWorld)[0]_subj.19   -0.236709   0.0535092   -0.340759  -0.271702  -0.236797  -0.201937  -0.130358  0.000447287
v_C(whichWorld)[0]_subj.20   -0.268543   0.0498476   -0.370462  -0.300753  -0.267677  -0.235123  -0.172831    0.0005002
v_C(whichWorld)[0]_subj.21   -0.254372   0.0541967   -0.363876  -0.290004  -0.252909  -0.218037  -0.149032  0.000584192
v_C(whichWorld)[0]_subj.22   -0.247985   0.0562158   -0.361296  -0.283594  -0.247263  -0.211013   -0.13855  0.000569076
v_C(whichWorld)[0]_subj.23   -0.246778   0.0490009   -0.344888  -0.279046  -0.246213  -0.214188  -0.151593  0.000438193
v_C(whichWorld)[0]_subj.24   -0.204237   0.0464394   -0.291977  -0.235653  -0.205734  -0.173229  -0.111381  0.000573013
v_C(whichWorld)[0]_subj.25   -0.273613   0.0622058   -0.401518  -0.312175  -0.271923  -0.232566  -0.155579  0.000766893
v_C(whichWorld)[0]_subj.26   -0.255725   0.0489408   -0.354982  -0.287561  -0.255344  -0.223187   -0.16208  0.000512062
v_C(whichWorld)[0]_subj.27   -0.218415    0.048491    -0.31248  -0.250737  -0.219283   -0.18681  -0.120261  0.000537955
v_C(whichWorld)[0]_subj.28    -0.29914   0.0566702   -0.418052  -0.335946  -0.296997  -0.260396     -0.194  0.000902463
v_C(whichWorld)[0]_subj.29   -0.245695   0.0468527   -0.339018  -0.276554  -0.245008   -0.21467  -0.154175  0.000477214
v_C(whichWorld)[0]_subj.30   -0.250457   0.0578873   -0.366911  -0.288503  -0.249846  -0.212037  -0.138774  0.000517535
v_C(whichWorld)[0]_subj.31   -0.252482   0.0460397   -0.345737  -0.282129  -0.251588  -0.221672   -0.16312  0.000472218
v_C(whichWorld)[0]_subj.32   -0.251015   0.0538679   -0.359028  -0.286069  -0.250417  -0.215257  -0.145148  0.000518798
v_C(whichWorld)[0]_subj.33   -0.236897   0.0419882   -0.318854  -0.265024  -0.237044  -0.209014  -0.154468  0.000467005
v_C(whichWorld)[0]_subj.34   -0.227404   0.0502343   -0.324043  -0.260313  -0.227599  -0.195655  -0.126617  0.000550081
v_C(whichWorld)[0]_subj.36   -0.223453   0.0617656   -0.344619  -0.262794  -0.224674  -0.184876 -0.0953036  0.000616606
v_C(whichWorld)[0]_subj.37   -0.201744   0.0556922   -0.306664  -0.239251  -0.204035  -0.165201 -0.0884275  0.000738174
v_C(whichWorld)[0]_subj.38   -0.298067   0.0521615   -0.405601  -0.331629  -0.295968  -0.261767  -0.202173  0.000778954
v_C(whichWorld)[0]_subj.39   -0.231592   0.0484704   -0.326313  -0.263662  -0.232062  -0.200157  -0.135462  0.000423436
v_C(whichWorld)[0]_subj.40     -0.2817   0.0511133   -0.385465   -0.31485  -0.281254   -0.24716  -0.184156  0.000660151
v_C(whichWorld)[0]_subj.41   -0.222744   0.0433474     -0.3075  -0.251879  -0.223086  -0.194075  -0.136904  0.000436254
v_C(whichWorld)[0]_subj.42    -0.23271   0.0404425   -0.311692  -0.259976  -0.232934  -0.204984   -0.15264  0.000366024
v_C(whichWorld)[0]_subj.43   -0.264759   0.0601252   -0.388493  -0.303207  -0.263319  -0.224902  -0.149873  0.000708975
v_C(whichWorld)[0]_subj.44   -0.218127   0.0626396   -0.340887  -0.258363  -0.219678  -0.179289 -0.0901916  0.000645793
v_C(whichWorld)[0]_subj.45   -0.202176   0.0371887   -0.274604  -0.227162  -0.202773  -0.177562  -0.128333  0.000460034
v_C(whichWorld)[0]_subj.46   -0.270184   0.0476626   -0.366883  -0.301491  -0.269143  -0.238501  -0.178179  0.000526133
v_C(whichWorld)[0]_subj.47   -0.223112   0.0538425   -0.327977  -0.258563  -0.224136  -0.188501  -0.112431  0.000513048
v_C(whichWorld)[0]_subj.48   -0.261698   0.0471972   -0.354725  -0.293423  -0.261377  -0.230275  -0.170513  0.000475937
v_C(whichWorld)[0]_subj.49   -0.273497   0.0482482   -0.370507  -0.305392  -0.272304  -0.240424  -0.182121  0.000586121
v_C(whichWorld)[0]_subj.50   -0.220556   0.0484455   -0.314766  -0.253052  -0.221123   -0.18843   -0.12398  0.000524662
v_C(whichWorld)[0]_subj.51   -0.187169   0.0371761   -0.258052  -0.212879  -0.187499   -0.16219  -0.114364  0.000510084
v_C(whichWorld)[0]_subj.53   -0.240098    0.052193   -0.344063  -0.273691  -0.239947   -0.20649  -0.137253  0.000546317
v_C(whichWorld)[0]_subj.54   -0.211463   0.0562679   -0.318867  -0.248973   -0.21321   -0.17508 -0.0958301  0.000600511
v_C(whichWorld)[0]_subj.55   -0.163293   0.0473797   -0.251439  -0.196256  -0.164583  -0.132786 -0.0657942  0.000775033
v_C(whichWorld)[0]_subj.56   -0.189464    0.039089   -0.264694  -0.215586  -0.190182    -0.1637  -0.110151  0.000531352
v_C(whichWorld)[0]_subj.57   -0.179114   0.0514615   -0.275043  -0.214475  -0.181008  -0.145967 -0.0719721  0.000800992
v_C(whichWorld)[0]_subj.58    -0.22886   0.0482532    -0.32178  -0.260821  -0.229647  -0.197766  -0.132136  0.000466223
v_C(whichWorld)[0]_subj.59   -0.258673   0.0483317   -0.354672  -0.290545  -0.257862  -0.225916  -0.164765  0.000470875
v_C(whichWorld)[0]_subj.60   -0.229439   0.0541325   -0.335772  -0.265253  -0.229824  -0.194399   -0.12059  0.000558098
v_C(whichWorld)[0]_subj.61   -0.307346   0.0609557   -0.435735  -0.346482  -0.304312  -0.265487  -0.195613   0.00103958
v_C(whichWorld)[0]_subj.62   -0.265835   0.0519641    -0.36999  -0.299208  -0.264952  -0.231234  -0.166173  0.000559079
v_C(whichWorld)[0]_subj.63   -0.237701   0.0520765   -0.339898  -0.271909  -0.237212  -0.203523   -0.13463  0.000503122
v_C(whichWorld)[0]_subj.64   -0.257412   0.0546267   -0.368832  -0.293083  -0.256325  -0.220943  -0.152171  0.000581878
v_C(whichWorld)[0]_subj.65   -0.149093   0.0615386   -0.258608   -0.19201  -0.152579   -0.11001 -0.0185046   0.00136456
v_C(whichWorld)[0]_subj.66   -0.257546   0.0601454   -0.378314  -0.296775  -0.256267  -0.217531  -0.141231  0.000596121
v_C(whichWorld)[0]_subj.67   -0.254307   0.0531705   -0.359242  -0.289075  -0.254017  -0.219203  -0.151184  0.000572229
v_C(whichWorld)[0]_subj.68   -0.208594   0.0516728   -0.307935   -0.24319  -0.209782  -0.174726  -0.101744  0.000569847
v_C(whichWorld)[0]_subj.69   -0.221761   0.0513169    -0.32241  -0.255932  -0.222022  -0.187516  -0.120028  0.000586854
v_C(whichWorld)[0]_subj.70   -0.285497   0.0467385   -0.380033  -0.316465  -0.284342  -0.253504  -0.197509  0.000663512
v_C(whichWorld)[0]_subj.71   -0.244968   0.0548427   -0.356413   -0.28054   -0.24412  -0.209099   -0.13841  0.000481374
v_C(whichWorld)[0]_subj.72   -0.217011   0.0487475    -0.31127  -0.249493  -0.217475  -0.184931  -0.119315  0.000535849
v_C(whichWorld)[0]_subj.73   -0.176994   0.0481313   -0.267479  -0.209752  -0.177968  -0.145329 -0.0805311  0.000729493
v_C(whichWorld)[0]_subj.74   -0.290498   0.0487608   -0.389962  -0.322815  -0.289754  -0.257041  -0.197858  0.000694731
v_C(whichWorld)[0]_subj.75   -0.304108   0.0487498   -0.403545  -0.335762  -0.302373  -0.270288  -0.212606  0.000810805
v_C(whichWorld)[0]_subj.76   -0.231797   0.0503696   -0.331338  -0.265123  -0.232218  -0.198041  -0.131464  0.000508519
v_C(whichWorld)[0]_subj.78   -0.266398     0.05843   -0.386696  -0.303472  -0.265231  -0.227531   -0.15296  0.000624219
v_C(whichWorld)[0]_subj.79   -0.225263   0.0582237   -0.337477  -0.263312  -0.226451  -0.188557    -0.1058  0.000619197
v_C(whichWorld)[0]_subj.80   -0.205526   0.0450736   -0.293378  -0.235808  -0.206236   -0.17594   -0.11407  0.000588698
v_C(whichWorld)[0]_subj.81   -0.259586   0.0430369   -0.345343  -0.287882  -0.259473  -0.230556  -0.176554  0.000471394
v_C(whichWorld)[0]_subj.82   -0.185858   0.0403781   -0.263039  -0.213227   -0.18679   -0.15946  -0.104048  0.000570823
v_C(whichWorld)[0]_subj.83   -0.256647   0.0429427   -0.342847  -0.285272  -0.256374  -0.227652  -0.173413  0.000425174
v_C(whichWorld)[0]_subj.84   -0.265145   0.0467416   -0.360021  -0.295253  -0.264243  -0.234283  -0.174953  0.000532242
v_C(whichWorld)[0]_subj.85   -0.222032   0.0571858   -0.334404  -0.259755  -0.222815  -0.184363  -0.107475  0.000601419
v_C(whichWorld)[0]_subj.86   -0.211811   0.0544901    -0.31469  -0.247951  -0.213438  -0.177135 -0.0995498  0.000524216
v_C(whichWorld)[0]_subj.88   -0.255743   0.0574879   -0.371716  -0.292669  -0.254968  -0.218197  -0.144451  0.000588786
v_C(whichWorld)[0]_subj.89   -0.279859   0.0500684   -0.381929  -0.312514  -0.278339   -0.24588  -0.185237  0.000711644
v_C(whichWorld)[0]_subj.90   -0.270855   0.0587505   -0.391702  -0.308895  -0.268589  -0.231285  -0.159007  0.000644175
v_C(whichWorld)[0]_subj.91   -0.266398   0.0478887   -0.363851  -0.296969  -0.265038  -0.234259  -0.176246  0.000504867
v_C(whichWorld)[0]_subj.92    -0.20423   0.0467912   -0.292366  -0.236648  -0.204697  -0.172799  -0.109354  0.000584191
v_C(whichWorld)[0]_subj.93   -0.296304   0.0524747   -0.404482  -0.330219  -0.294327   -0.26052  -0.198112  0.000863902
v_C(whichWorld)[0]_subj.94   -0.271623   0.0510359   -0.374754  -0.304986  -0.270835  -0.237437  -0.173519  0.000571744
v_C(whichWorld)[0]_subj.95    -0.29054   0.0559934   -0.407834  -0.326163   -0.28747  -0.252236  -0.186883  0.000838674
v_C(whichWorld)[0]_subj.96   -0.227372    0.046538   -0.318358  -0.258332  -0.227671  -0.196976  -0.134692  0.000429781
v_C(whichWorld)[0]_subj.97   -0.264552   0.0444757   -0.352887  -0.294313  -0.263766  -0.234248   -0.17923  0.000548885
v_C(whichWorld)[0]_subj.98   -0.157946   0.0549091   -0.258867  -0.195972  -0.159992  -0.122339 -0.0431042   0.00098636
v_C(whichWorld)[0]_subj.99   -0.215363   0.0527812   -0.318388  -0.250678  -0.216036  -0.180244  -0.111075  0.000648439
v_C(whichWorld)[0]_subj.100  -0.244695    0.056018   -0.355723  -0.281809  -0.244567  -0.208133  -0.132448  0.000494346
v_C(whichWorld)[1]            0.239239   0.0121489    0.215547   0.231178   0.239145   0.247348   0.263297  0.000236672
v_C(whichWorld)[1]_std       0.0741636   0.0129453   0.0500994  0.0652574  0.0737414  0.0824203   0.101158   0.00039347
v_C(whichWorld)[1]_subj.2     0.176912     0.07079   0.0314038   0.131809   0.178672   0.224263   0.309902  0.000808447
v_C(whichWorld)[1]_subj.3     0.256963   0.0612427    0.135971    0.21674   0.256567   0.297071   0.378274  0.000641923
v_C(whichWorld)[1]_subj.4     0.261916   0.0533245    0.156872   0.226533   0.261362   0.297724   0.366632   0.00052857
v_C(whichWorld)[1]_subj.6     0.212117   0.0631863   0.0863884   0.170619   0.213028   0.254855   0.333563  0.000636299
v_C(whichWorld)[1]_subj.7     0.236248   0.0675667    0.103124   0.192731   0.235965   0.280752   0.371362  0.000604736
v_C(whichWorld)[1]_subj.8      0.28003   0.0648118    0.154829   0.236569   0.278674   0.322043   0.412467  0.000675838
v_C(whichWorld)[1]_subj.9     0.131115   0.0586307   0.0113965  0.0933275    0.13266   0.170189   0.242424  0.000874453
v_C(whichWorld)[1]_subj.11    0.142101   0.0635381   0.0134827   0.100089   0.144147   0.185553   0.262128  0.000956634
v_C(whichWorld)[1]_subj.12    0.253265   0.0572175     0.14118   0.215106   0.253363   0.290676   0.367825   0.00050896
v_C(whichWorld)[1]_subj.13    0.274232   0.0592154    0.160559   0.234582   0.273591   0.313053   0.392661  0.000646307
v_C(whichWorld)[1]_subj.14      0.1533   0.0647135   0.0207512   0.111003   0.155783   0.197442   0.275066  0.000956208
v_C(whichWorld)[1]_subj.15    0.127992   0.0564389   0.0124066  0.0908689    0.12943   0.167015   0.234469  0.000814426
v_C(whichWorld)[1]_subj.16    0.245475   0.0523742    0.144947    0.20986   0.245419   0.281033   0.348593  0.000469634
v_C(whichWorld)[1]_subj.17    0.258865   0.0560422    0.150773   0.220908   0.257763   0.296304   0.370687  0.000518115
v_C(whichWorld)[1]_subj.18       0.294   0.0599108    0.177139   0.254161   0.293643    0.33295   0.414886  0.000677534
v_C(whichWorld)[1]_subj.19    0.224731   0.0580451    0.111194   0.185255   0.225681   0.263917   0.337588  0.000567132
v_C(whichWorld)[1]_subj.20    0.196219   0.0565688   0.0817351   0.158665   0.196704   0.234696   0.306183  0.000558259
v_C(whichWorld)[1]_subj.21    0.228148   0.0556126    0.117488   0.190952   0.228059   0.265356   0.335874  0.000507035
v_C(whichWorld)[1]_subj.22    0.240405   0.0607803     0.11944   0.200148    0.24099   0.280315   0.361033    0.0005613
v_C(whichWorld)[1]_subj.23    0.181238   0.0584391   0.0636009   0.143213   0.182141   0.220741   0.292927  0.000629085
v_C(whichWorld)[1]_subj.24    0.221963   0.0507179    0.120823   0.188009   0.222356   0.255937   0.322609  0.000480945
v_C(whichWorld)[1]_subj.25    0.239063   0.0674667    0.107146   0.194208   0.238825   0.283759    0.37286  0.000683547
v_C(whichWorld)[1]_subj.26    0.257037   0.0522384    0.154272   0.221838   0.257246   0.292268    0.35971  0.000447127
v_C(whichWorld)[1]_subj.27    0.239645   0.0543066    0.132282   0.204013    0.23925   0.276076    0.34556  0.000540166
v_C(whichWorld)[1]_subj.28     0.21446   0.0582448   0.0972375   0.176428   0.214548   0.253135   0.327096    0.0005709
v_C(whichWorld)[1]_subj.29    0.319523   0.0538708    0.216059   0.283191   0.318985   0.354356   0.429465  0.000684223
v_C(whichWorld)[1]_subj.30    0.302804    0.066229    0.177397   0.258109   0.301531   0.345226   0.437965  0.000829388
v_C(whichWorld)[1]_subj.31    0.223782   0.0467236    0.131396   0.192493   0.224489   0.254934   0.314254  0.000483567
v_C(whichWorld)[1]_subj.32    0.199478   0.0561149   0.0868262   0.162954   0.200646   0.236552   0.307939  0.000514622
v_C(whichWorld)[1]_subj.33    0.301097   0.0470172    0.210343   0.268837   0.300525   0.332739   0.394637  0.000607771
v_C(whichWorld)[1]_subj.34    0.247209   0.0560643    0.136259   0.210281   0.246542   0.284782   0.358511   0.00057164
v_C(whichWorld)[1]_subj.36    0.212074   0.0713686   0.0653106   0.167003   0.213789    0.25888   0.350872  0.000665772
v_C(whichWorld)[1]_subj.37    0.268504   0.0619017    0.146577   0.227504   0.267606   0.309703    0.39137  0.000611784
v_C(whichWorld)[1]_subj.38    0.310181   0.0519557    0.210767   0.274634   0.309512     0.3448    0.41535  0.000629911
v_C(whichWorld)[1]_subj.39    0.196909   0.0481208    0.101653   0.165003   0.196721   0.229568    0.29119  0.000420767
v_C(whichWorld)[1]_subj.40    0.215917   0.0519836     0.11282   0.181127   0.216119   0.250985   0.317017  0.000491866
v_C(whichWorld)[1]_subj.41    0.239952   0.0493618    0.142819   0.207086   0.239826    0.27253   0.337668  0.000457093
v_C(whichWorld)[1]_subj.42    0.223026   0.0411522    0.140995   0.195591    0.22358    0.25042   0.303154  0.000413146
v_C(whichWorld)[1]_subj.43      0.2084   0.0658617   0.0748631   0.165904   0.209926   0.252386   0.334584  0.000626386
v_C(whichWorld)[1]_subj.44    0.275048   0.0728368    0.137106   0.225963   0.272644   0.322303   0.425096  0.000644086
v_C(whichWorld)[1]_subj.45    0.147909   0.0385699   0.0728851   0.121472   0.148438   0.173857   0.222364  0.000485953
v_C(whichWorld)[1]_subj.46    0.317204    0.060086    0.205091   0.276091   0.315402   0.357352   0.437902  0.000816756
v_C(whichWorld)[1]_subj.47    0.333436   0.0664411    0.209232   0.287086   0.331285   0.376409   0.472199  0.000991668
v_C(whichWorld)[1]_subj.48    0.248467   0.0512338    0.147637   0.213598   0.248388   0.282801    0.35082  0.000405432
v_C(whichWorld)[1]_subj.49    0.254666   0.0518332     0.15302   0.220305   0.253965   0.288619   0.358554   0.00043085
v_C(whichWorld)[1]_subj.50    0.235206   0.0518592    0.134856   0.200017   0.235561   0.270028   0.337066   0.00049413
v_C(whichWorld)[1]_subj.51    0.270026   0.0452669    0.180011   0.239736   0.269929   0.300366   0.359951  0.000525983
v_C(whichWorld)[1]_subj.53    0.262799    0.058692     0.14668   0.223925    0.26248   0.301238   0.379797  0.000564037
v_C(whichWorld)[1]_subj.54    0.223581    0.062585   0.0999196   0.182503   0.223925   0.264718   0.345584  0.000567873
v_C(whichWorld)[1]_subj.55    0.185585   0.0539369   0.0770066    0.14997    0.18543   0.221948   0.290155  0.000587914
v_C(whichWorld)[1]_subj.56    0.221661   0.0363063    0.150574   0.197305   0.221678   0.246174   0.292264  0.000371112
v_C(whichWorld)[1]_subj.57    0.245105   0.0582438    0.132513   0.206306   0.244994   0.283096   0.361901  0.000473002
v_C(whichWorld)[1]_subj.58    0.321427   0.0538164    0.218078   0.284816   0.320607   0.356796   0.430699  0.000715362
v_C(whichWorld)[1]_subj.59     0.26685   0.0446297    0.180457   0.236465   0.266275   0.297134   0.354648  0.000452839
v_C(whichWorld)[1]_subj.60    0.248708   0.0614814     0.12864   0.207882   0.249206   0.288792   0.370057   0.00056864
v_C(whichWorld)[1]_subj.61    0.220953   0.0645004   0.0913351   0.178595   0.221408   0.264156   0.345753  0.000549409
v_C(whichWorld)[1]_subj.62    0.193559   0.0558586   0.0820689   0.156564   0.194297   0.231113   0.302146  0.000581599
v_C(whichWorld)[1]_subj.63     0.30511   0.0570753    0.196887   0.266343   0.304579   0.342492   0.420738   0.00065994
v_C(whichWorld)[1]_subj.64    0.327806    0.060163     0.21576   0.286099   0.326133   0.366542   0.452586  0.000885693
v_C(whichWorld)[1]_subj.65    0.320365   0.0691507    0.190533    0.27328   0.318058   0.366109   0.459397  0.000979475
v_C(whichWorld)[1]_subj.66    0.196541   0.0707627   0.0508834   0.151129   0.197867   0.244425   0.332201  0.000777674
v_C(whichWorld)[1]_subj.67     0.26695   0.0616373    0.145074    0.22581   0.266679   0.308188    0.39107  0.000567553
v_C(whichWorld)[1]_subj.68    0.251619   0.0512359    0.151311   0.217229   0.251794   0.285789   0.352493  0.000443693
v_C(whichWorld)[1]_subj.69    0.267774   0.0498685     0.17059   0.234624   0.267957   0.300833   0.366925  0.000581739
v_C(whichWorld)[1]_subj.70    0.234435   0.0495356    0.135318   0.201895   0.234885   0.267329   0.332295  0.000450057
v_C(whichWorld)[1]_subj.71    0.254144   0.0586575    0.139445   0.214605   0.254361   0.293512   0.369789  0.000544544
v_C(whichWorld)[1]_subj.72    0.340795   0.0549228    0.235875    0.30377   0.339638    0.37652   0.454555  0.000845929
v_C(whichWorld)[1]_subj.73    0.203329   0.0524699   0.0999308   0.168369   0.204003   0.238796   0.304691   0.00048577
v_C(whichWorld)[1]_subj.74    0.284659   0.0477101    0.194174   0.252168   0.283563   0.316594   0.380144  0.000513751
v_C(whichWorld)[1]_subj.75    0.117512   0.0506854   0.0157733  0.0835571   0.118327   0.152465   0.214457  0.000725004
v_C(whichWorld)[1]_subj.76    0.318541   0.0564209    0.210153   0.280228   0.317726    0.35617   0.432153  0.000716912
v_C(whichWorld)[1]_subj.78    0.227707   0.0634659     0.10096   0.185791   0.228441    0.26909   0.353263  0.000578174
v_C(whichWorld)[1]_subj.79     0.22004   0.0630121   0.0948567   0.177669   0.220909   0.262269   0.342867  0.000572356
v_C(whichWorld)[1]_subj.80    0.222142   0.0490899    0.126887   0.189763   0.221767   0.254889   0.319767  0.000494007
v_C(whichWorld)[1]_subj.81    0.270536   0.0473896    0.178715   0.238258   0.270304   0.301749   0.364828  0.000514081
v_C(whichWorld)[1]_subj.82    0.172736    0.040857   0.0916549   0.145224   0.173274   0.200697   0.251036  0.000388071
v_C(whichWorld)[1]_subj.83    0.157528   0.0549777    0.046295   0.121371   0.158296    0.19509    0.26233   0.00074554
v_C(whichWorld)[1]_subj.84    0.220002   0.0514892    0.120296   0.184767   0.219775   0.255293    0.32065  0.000489455
v_C(whichWorld)[1]_subj.85     0.20441   0.0623723   0.0805248   0.164764   0.205176   0.245654   0.326302  0.000617126
v_C(whichWorld)[1]_subj.86    0.249373   0.0608808    0.130512   0.209211    0.24858   0.288998   0.370773  0.000601744
v_C(whichWorld)[1]_subj.88    0.236776    0.067455    0.103815   0.192727   0.237056   0.280926   0.369163  0.000663602
v_C(whichWorld)[1]_subj.89    0.256342   0.0539661    0.151158   0.220375   0.255477   0.292229   0.363938  0.000502325
v_C(whichWorld)[1]_subj.90    0.202869   0.0657464    0.069428   0.159739   0.203403   0.246911   0.329041  0.000607214
v_C(whichWorld)[1]_subj.91    0.226301   0.0490605    0.129923    0.19367   0.226247   0.259339   0.323144  0.000468516
v_C(whichWorld)[1]_subj.92    0.258402    0.047236    0.165161   0.226587   0.258253   0.290135   0.351648  0.000488891
v_C(whichWorld)[1]_subj.93    0.249046   0.0528593    0.143778   0.213829   0.249808   0.284425   0.354209   0.00050583
v_C(whichWorld)[1]_subj.94    0.269849   0.0573631    0.159497    0.23107   0.269277   0.308117   0.384614  0.000560903
v_C(whichWorld)[1]_subj.95    0.266252   0.0564903     0.15483   0.228075   0.266117   0.303667   0.377335  0.000537534
v_C(whichWorld)[1]_subj.96    0.235209   0.0547501    0.127862   0.198645   0.235233   0.271651    0.34278  0.000476811
v_C(whichWorld)[1]_subj.97    0.298656   0.0515746    0.200813   0.263652   0.297441    0.33308   0.401154  0.000609371
v_C(whichWorld)[1]_subj.98      0.2334   0.0560112    0.122708   0.195837   0.233828   0.270802   0.343697  0.000593315
v_C(whichWorld)[1]_subj.99    0.189267   0.0652157   0.0563029   0.147367   0.191163   0.232622   0.313207   0.00068314
v_C(whichWorld)[1]_subj.100   0.199184   0.0622096   0.0733776    0.15809   0.201212   0.241075   0.317714   0.00061528
DIC: 42033.331479
deviance: 41725.803018
pD: 307.528461