                                 mean        std        2.5q        25q        50q        75q       97.5q       mc err
a                             4.01582   0.218892     3.58092    3.87271    4.01866    4.15984     4.44344   0.00211577
a_std                         1.42202   0.181155     1.12213    1.29431    1.40161    1.52846     1.83846   0.00221623
a_subj.1                      2.60214   0.184225     2.26377    2.47173    2.59296    2.71892      2.9941   0.00208541
a_subj.2                      3.88062   0.262109     3.40951    3.69753    3.86426    4.04899     4.43082   0.00332631
a_subj.3                      3.67274   0.282089     3.15918    3.47352    3.66148    3.85395     4.27097   0.00309142
a_subj.4                      3.37266   0.252199     2.92345    3.19413    3.35926    3.53458     3.89964   0.00299199
a_subj.5                      4.11841   0.296309     3.59275    3.91083    4.10496    4.31039     4.74377   0.00347294
a_subj.6                      1.52703   0.100616     1.34475    1.45751    1.52305    1.59122     1.74117  0.000924575
a_subj.7                      4.79806   0.383923     4.11905    4.52833    4.77044    5.04319      5.6211   0.00475179
a_subj.8                      4.32772   0.325035     3.75498    4.09886    4.30945    4.53302     5.02412   0.00357109
a_subj.9                      4.88168   0.504735     3.99484    4.52681    4.84689    5.19489     5.97276   0.00643453
a_subj.10                     5.35635   0.415786     4.61337    5.06759    5.32685    5.62117     6.24141   0.00531901
a_subj.11                     3.37884   0.244688     2.93657    3.20906    3.36514     3.5332     3.90291   0.00273638
a_subj.12                     4.34666   0.303253     3.79364    4.13426    4.33243    4.54291     4.97602    0.0037486
a_subj.13                     3.45216   0.240048     3.02137    3.28276     3.4378    3.60767      3.9482   0.00290897
a_subj.15                     4.15457   0.308952      3.6029    3.93791    4.13957    4.34908     4.81431   0.00374293
a_subj.16                      4.7512   0.336647     4.15188    4.51946    4.73168    4.96345     5.47877   0.00341399
a_subj.17                     5.31894   0.385651     4.61771    5.04912    5.29503    5.56842     6.12816   0.00499539
a_subj.18                     3.11565   0.218969     2.71415    2.96283    3.10817     3.2573     3.57334   0.00241654
a_subj.19                     3.09803   0.216203     2.70839     2.9447     3.0866    3.23687     3.55153   0.00237192
a_subj.20                     5.63534   0.426639     4.86219    5.33722    5.61669    5.90679     6.52611   0.00492285
a_subj.21                     6.24245   0.432821     5.45225    5.94526    6.21483    6.52451      7.1491   0.00464948
a_subj.22                     3.06437   0.213555      2.6783    2.91751    3.05028    3.19869     3.52195   0.00243293
a_subj.23                     6.10035   0.407877     5.34804    5.81902    6.08157    6.36642     6.94496   0.00466324
a_subj.24                     4.82925   0.355387      4.1897    4.58141    4.80799    5.05137     5.59168   0.00415553
a_subj.25                     8.03037   0.763642     6.71023    7.49155    7.96636    8.50652     9.68915    0.0138501
a_subj.26                     2.52377   0.206799     2.15888    2.37698    2.51144    2.65542     2.96562   0.00253234
a_subj.27                     3.39333   0.247157     2.94526    3.22034    3.37982    3.55065     3.92725    0.0027949
a_subj.28                     5.09551   0.357901      4.4485    4.84543     5.0755    5.32774     5.84046   0.00448567
a_subj.29                     1.93465   0.143014     1.67779    1.83636    1.92554    2.02455     2.23995   0.00156134
a_subj.30                     2.98212   0.219164     2.59142     2.8284    2.96921    3.12554     3.44163    0.0025036
a_subj.31                     6.08859   0.429834     5.30926     5.7899    6.06364    6.36566     6.98422   0.00491591
a_subj.32                      3.2874   0.232471     2.86763    3.12393    3.27654    3.43668     3.78035   0.00247136
a_subj.33                     3.07679   0.228344     2.66356    2.91552    3.06429     3.2244     3.55658    0.0029868
a_subj.34                      3.0359   0.253358     2.58971    2.85782    3.02068    3.19505     3.58078   0.00308091
a_subj.35                     3.67488   0.277022      3.1784    3.47939    3.66007    3.85186     4.25917   0.00352279
a_subj.36                     5.99952   0.418801     5.23208    5.70854    5.98073      6.271     6.88207   0.00481864
a_subj.37                     4.07045   0.279448     3.56428    3.87323    4.05457    4.24796     4.66086   0.00334167
a_subj.38                     3.64949   0.250453     3.18412    3.47675    3.63855      3.811     4.17966    0.0029469
a_subj.39                     3.11998   0.214133     2.73347    2.97075     3.1057    3.26011     3.56695   0.00218293
a_subj.40                     2.53618   0.217578     2.14911    2.38357    2.52403    2.67573     2.99247   0.00293267
a_subj.41                     4.95565    0.37334     4.28892     4.6933    4.93549    5.19306     5.75301   0.00524766
a_subj.42                      1.7827    0.14155     1.52842     1.6825    1.77512     1.8756     2.07877   0.00204593
a_subj.43                     3.95472   0.278955      3.4404    3.75945    3.94373    4.13656     4.52513   0.00348585
a_subj.44                     2.06684   0.149586     1.79569    1.96251    2.05893    2.16275     2.38021   0.00158973
a_subj.45                     3.57834   0.258137     3.11115    3.39961    3.56576    3.74119     4.12524      0.00283
a_subj.46                     3.55463   0.258125     3.08068    3.37527    3.54238    3.72027     4.10008   0.00282674
a_subj.47                     5.23366   0.402702     4.50731    4.95172    5.21559    5.49091     6.06955   0.00474628
a_subj.48                     4.69518    0.32473     4.10714     4.4688    4.67715    4.90375     5.37457   0.00406906
a_subj.49                     5.09144   0.435262     4.32814    4.78766    5.05629    5.36276     6.03517   0.00629115
t                            0.817918   0.442174   0.0505596    0.45716   0.831231    1.16145     1.62119   0.00686206
t_std                         1.66601   0.294434     1.14101    1.45159    1.65519    1.86603     2.25385   0.00468952
t_subj.1                      1.38032  0.0713068     1.21166    1.34072    1.39102    1.43062     1.48895  0.000869302
t_subj.2                      1.60014   0.149779     1.25225    1.51378    1.62201    1.70709     1.83086   0.00200725
t_subj.3                     0.384186  0.0858861    0.181034   0.336419   0.397725   0.445859    0.513768  0.000950217
t_subj.4                      1.94858    0.12116     1.67446    1.87906     1.9639    2.03601     2.13787   0.00159296
t_subj.5                      3.37418   0.178934     2.96618    3.27317    3.39593    3.50233     3.65548   0.00250844
t_subj.6                     0.551267  0.0221417    0.498224   0.539002   0.554846   0.567279    0.583925  0.000233838
t_subj.7                      2.19466   0.204639     1.71956    2.07843    2.22189    2.34387     2.50906   0.00314378
t_subj.8                      1.31926   0.157917    0.942319    1.23012    1.34269      1.433      1.5571   0.00227332
t_subj.9                     0.940634   0.292509    0.249475   0.766805   0.982807    1.15972     1.38783   0.00368349
t_subj.10                     2.31841   0.270469      1.6809    2.16765    2.35633    2.51241     2.73717   0.00383459
t_subj.11                     0.84282    0.11698    0.569494   0.775396   0.858638   0.926929     1.02365    0.0013921
t_subj.12                     1.67026    0.19766     1.20903    1.55932    1.69466    1.81241     1.98207   0.00276844
t_subj.13                     1.92926   0.116835     1.65835    1.86278    1.94483    2.01282     2.11141   0.00173024
t_subj.15                     1.09876   0.190189    0.659353   0.989991    1.12152    1.23426      1.4025   0.00250775
t_subj.16                     1.50946    0.21302     1.01802    1.38632    1.53966    1.66193     1.83931   0.00271131
t_subj.17                     3.14095   0.283392     2.48162    2.97803    3.17741    3.34213     3.59103   0.00308451
t_subj.18                     1.38637  0.0805051     1.19533    1.34327    1.39972    1.44414     1.50349   0.00107887
t_subj.19                     1.50704   0.097425     1.28394    1.44986    1.52017    1.57738     1.65896   0.00120888
t_subj.20                     3.01285   0.292996     2.32869    2.84676    3.05187    3.22231     3.47157   0.00383119
t_subj.21                     1.80327   0.318744     1.06224    1.62324    1.85396    2.03335     2.27865    0.0041088
t_subj.22                    0.999363  0.0924136    0.778658   0.948899    1.01285    1.06634     1.13911   0.00122061
t_subj.23                   0.0874169  0.0714401  0.00366503  0.0308161  0.0699377   0.126664    0.264681   0.00100987
t_subj.24                     1.57282   0.247055     1.00123    1.43017    1.60539    1.74959     1.97043   0.00371833
t_subj.25                     5.24482   0.653975       3.753    4.86054    5.32329    5.71359     6.28119    0.0104871
t_subj.26                    0.352934  0.0769737    0.164625   0.311155   0.364621   0.407855    0.469259   0.00127204
t_subj.27                     2.64926   0.107399     2.39681    2.58816     2.6644    2.72675     2.81389   0.00133875
t_subj.28                     1.55468   0.256642    0.958331    1.40935    1.58944    1.73812     1.95516   0.00382718
t_subj.29                    0.458788  0.0380187    0.369064   0.437296   0.464784   0.486143    0.515809  0.000473362
t_subj.30                     1.26039   0.102963     1.02561    1.20116    1.27377    1.33477     1.42125   0.00137956
t_subj.31                     4.99796   0.384547     4.08921    4.78629    5.06245    5.27485     5.56282   0.00547446
t_subj.32                     2.47627    0.10299     2.23926    2.41666     2.4896    2.55062      2.6372   0.00134647
t_subj.33                     2.86159   0.090393     2.65075    2.81069    2.87567    2.92725     2.99664   0.00111124
t_subj.34                      0.8861    0.09931    0.651638   0.831904   0.901618   0.957106     1.03411   0.00148152
t_subj.35                     1.76409   0.143705     1.42525    1.68366    1.78508    1.86758     1.98483   0.00193757
t_subj.36                     1.71619   0.284951     1.05678    1.55315    1.75509    1.92023     2.15425   0.00354151
t_subj.37                    0.580748   0.157601    0.212451   0.487566   0.600104   0.695296    0.833096   0.00191607
t_subj.38                     1.00637   0.137211    0.686722   0.927169    1.02277    1.10533     1.22586   0.00173072
t_subj.39                     1.77979  0.0910138     1.56456    1.72957    1.79364    1.84551      1.9166   0.00101774
t_subj.40                    0.398698  0.0656523    0.245172   0.361736   0.408188   0.445699    0.499621   0.00129566
t_subj.41                     3.58132   0.246951     3.01238    3.44007    3.61172    3.75779     3.97396   0.00298828
t_subj.42                    0.425425  0.0397894    0.334931   0.402165   0.430593   0.454084    0.487781  0.000649315
t_subj.43                    0.400059   0.156188   0.0716103   0.293582   0.413778   0.516836    0.670279   0.00209728
t_subj.44                      1.3356  0.0412179     1.23698     1.3135    1.34227     1.3651     1.39565  0.000491081
t_subj.45                     1.74646   0.123705     1.45799    1.67879    1.76423    1.83516     1.93296   0.00161649
t_subj.46                     1.63316   0.136467     1.31562    1.55428    1.64995    1.73079     1.84852   0.00164381
t_subj.47                     1.41222   0.268745    0.809028    1.25324    1.44265    1.60575     1.84907   0.00349169
t_subj.48                     1.43269   0.229036    0.913063      1.305    1.46169    1.59379     1.79474   0.00287657
t_subj.49                     1.23468   0.297213    0.528176    1.06643    1.28168    1.45123     1.68501   0.00464531
sz                           0.132664  0.0783964  0.00721155  0.0678253   0.130244   0.190013    0.286578   0.00176863
z                            0.514882  0.0120096    0.491179   0.506823   0.514817   0.522992    0.538559  0.000194826
z_std                        0.253342   0.044303    0.171784   0.223098   0.251201   0.281233    0.347502  0.000913886
z_subj.1                     0.488616  0.0351709    0.420673   0.464534   0.488369   0.512444    0.557362  0.000393837
z_subj.2                     0.515432   0.035654    0.444999   0.491727   0.515929   0.539472    0.584006  0.000394629
z_subj.3                     0.582538   0.038792    0.505829    0.55636    0.58264   0.609389    0.656701  0.000495517
z_subj.4                     0.499352  0.0352231    0.429187   0.475864    0.49995   0.523334    0.567228  0.000328592
z_subj.5                     0.552049  0.0354638    0.482109   0.527844   0.552361   0.576139    0.619864  0.000376242
z_subj.6                     0.562327   0.035132    0.493068   0.538756   0.562571    0.58605    0.630596  0.000329119
z_subj.7                     0.577764  0.0392941    0.501592   0.551183    0.57796   0.604294    0.654524  0.000530852
z_subj.8                     0.528712  0.0375286    0.453256   0.504195   0.529202   0.553632    0.601047   0.00046867
z_subj.9                     0.438275   0.046242    0.346413   0.407183   0.438347   0.469913    0.527977  0.000611349
z_subj.10                    0.519026  0.0374069    0.444902   0.494034   0.519229   0.544373    0.591448  0.000418883
z_subj.11                    0.500474  0.0362877    0.428301   0.476209   0.500351   0.525001    0.571467  0.000354051
z_subj.12                    0.455044  0.0366054    0.384067   0.429953   0.454837   0.479639     0.52792  0.000453214
z_subj.13                    0.491977   0.036528    0.420964   0.467128   0.491977   0.516603    0.563866  0.000390119
z_subj.15                    0.476881  0.0361711     0.40648   0.452414   0.477197   0.501174    0.547833  0.000392043
z_subj.16                    0.538708  0.0362495    0.468215   0.514107   0.538424   0.563548    0.608909  0.000435205
z_subj.17                    0.524602  0.0370536     0.45184   0.499636   0.524222   0.549623    0.598383  0.000452001
z_subj.18                    0.460726   0.037944    0.384682   0.434708   0.460924   0.486355    0.533816  0.000442054
z_subj.19                    0.521685  0.0347834    0.452917   0.498203   0.522071   0.545477    0.589231  0.000342571
z_subj.20                     0.49903  0.0369971    0.426321   0.474578   0.499418   0.523711    0.571265  0.000429688
z_subj.21                    0.458484  0.0411962    0.377944   0.430266   0.458985   0.485846    0.540278  0.000626299
z_subj.22                    0.540338  0.0361413    0.469892   0.515999   0.540326   0.565049    0.610956  0.000436312
z_subj.23                     0.58768  0.0380744    0.513004   0.562187   0.588031   0.613544    0.661388  0.000503313
z_subj.24                    0.560545  0.0377572    0.485142   0.535697   0.560761   0.586031    0.634599  0.000433892
z_subj.25                    0.470016  0.0385363    0.395504   0.443813   0.469758   0.495685    0.546273  0.000536425
z_subj.26                    0.624001  0.0413635    0.542754    0.59588   0.624496   0.652655    0.702903  0.000677028
z_subj.27                    0.467943  0.0377673     0.39376    0.44228   0.468013   0.493303     0.54199  0.000415427
z_subj.28                    0.518754   0.036298    0.446343   0.494337    0.51905   0.543909    0.587982  0.000478314
z_subj.29                    0.479463  0.0361542    0.407493   0.455131   0.479714     0.5036    0.551427  0.000372119
z_subj.30                     0.49381  0.0352582    0.424669   0.470379   0.493966   0.517383    0.563758  0.000357936
z_subj.31                    0.545275  0.0387387    0.469788   0.519107   0.545434   0.571484     0.62226  0.000500294
z_subj.32                    0.472423  0.0374554    0.398037   0.447029   0.472728   0.497995    0.544988  0.000392946
z_subj.33                    0.454576  0.0358916    0.384578   0.430448   0.454595   0.478659    0.524452  0.000435457
z_subj.34                    0.588032  0.0424046    0.503477   0.559888   0.588203   0.616826    0.669646  0.000539766
z_subj.35                    0.485808  0.0369763    0.412281   0.460508   0.486457   0.511389    0.556431  0.000376475
z_subj.36                    0.500298  0.0373017    0.425405   0.475307   0.500314   0.525669    0.573234  0.000450301
z_subj.37                     0.43901   0.035857    0.369446   0.414375   0.439139    0.46335    0.509087  0.000384314
z_subj.38                    0.494399  0.0356447    0.424204   0.470217   0.494096   0.518763    0.564432     0.000365
z_subj.39                    0.514557  0.0361912    0.443503   0.490322   0.514721   0.539279    0.584908  0.000341296
z_subj.40                    0.654755  0.0451924    0.565956   0.623924   0.655132   0.685833    0.741503  0.000833498
z_subj.41                    0.491546  0.0368068    0.418994   0.466632   0.491569   0.516246    0.563452  0.000431613
z_subj.42                    0.569624  0.0361573    0.499396   0.545507   0.570133   0.594275    0.639277   0.00038328
z_subj.43                    0.480309  0.0358727    0.410094   0.455797    0.48044   0.504519      0.5501  0.000364389
z_subj.44                    0.561461  0.0375646    0.487531   0.536049   0.561236   0.587074    0.634496  0.000486407
z_subj.45                    0.521049  0.0362565    0.450452   0.496199   0.521258   0.545653    0.591154  0.000373159
z_subj.46                    0.503249  0.0349112    0.434656   0.479929   0.503022   0.526796    0.572072  0.000366656
z_subj.47                    0.454583   0.037331    0.381078   0.429529   0.454737    0.47988    0.527376  0.000418362
z_subj.48                    0.467561  0.0351787    0.398511   0.444018   0.467613   0.491097     0.53713  0.000344816
z_subj.49                    0.562006  0.0407463    0.483314   0.534205   0.562265   0.589746    0.641445  0.000464482
v_C(whichWorld)[0]          -0.230673   0.020983   -0.271917  -0.244436  -0.230943  -0.216627   -0.189519  0.000573212
v_C(whichWorld)[0]_std      0.0663246  0.0302173   0.0101087   0.045454  0.0649228  0.0862452    0.128395   0.00176426
v_C(whichWorld)[0]_subj.1   -0.256148  0.0698468    -0.41339  -0.295185  -0.249377  -0.211952   -0.129746   0.00133421
v_C(whichWorld)[0]_subj.2    -0.17819  0.0651098   -0.287292  -0.223473  -0.187349  -0.138394  -0.0301337   0.00176788
v_C(whichWorld)[0]_subj.3   -0.194733     0.0652   -0.310264  -0.237688  -0.201731   -0.15686  -0.0485055   0.00143383
v_C(whichWorld)[0]_subj.4    -0.24886  0.0646582   -0.388215  -0.286979  -0.243738  -0.208525   -0.125156   0.00107773
v_C(whichWorld)[0]_subj.5   -0.222754  0.0581066   -0.336773  -0.258041  -0.224147  -0.188531  -0.0994292  0.000725087
v_C(whichWorld)[0]_subj.6    -0.21019  0.0736425   -0.346573  -0.253931  -0.216387  -0.172173  -0.0407652   0.00108761
v_C(whichWorld)[0]_subj.7   -0.232502  0.0560928   -0.350315  -0.266054  -0.231096  -0.198105   -0.120276  0.000696621
v_C(whichWorld)[0]_subj.8    -0.19429   0.062391   -0.306796  -0.235286  -0.200573  -0.157795  -0.0545792    0.0013846
v_C(whichWorld)[0]_subj.9   -0.265677  0.0693449    -0.42485  -0.305055  -0.257094  -0.220066    -0.14432   0.00151133
v_C(whichWorld)[0]_subj.10  -0.229939  0.0545333    -0.34017   -0.26353  -0.229588  -0.197007   -0.117518  0.000676562
v_C(whichWorld)[0]_subj.11  -0.167995  0.0742755    -0.28797  -0.219412  -0.180346  -0.125432  0.00542707   0.00215514
v_C(whichWorld)[0]_subj.12  -0.267443  0.0666675   -0.417157  -0.305796  -0.260009  -0.222726   -0.150124   0.00158258
v_C(whichWorld)[0]_subj.13  -0.214284  0.0628284   -0.335889  -0.254045  -0.217665  -0.178121  -0.0778308  0.000927242
v_C(whichWorld)[0]_subj.15  -0.241481  0.0608556   -0.371014  -0.277641  -0.237896  -0.204058   -0.123959   0.00089072
v_C(whichWorld)[0]_subj.16  -0.266255   0.059541   -0.398306  -0.302538  -0.259931  -0.226374   -0.160405   0.00142127
v_C(whichWorld)[0]_subj.17  -0.265913  0.0565502   -0.389447  -0.300722  -0.260436  -0.227154   -0.164655   0.00141448
v_C(whichWorld)[0]_subj.18  -0.270575   0.069588   -0.429586  -0.309679  -0.261531  -0.223659    -0.15284   0.00174489
v_C(whichWorld)[0]_subj.19  -0.209154  0.0677011   -0.337594  -0.249865  -0.214817  -0.172705  -0.0552684    0.0010091
v_C(whichWorld)[0]_subj.20  -0.249428  0.0521989    -0.35897  -0.281273  -0.246905  -0.214889   -0.151198  0.000907087
v_C(whichWorld)[0]_subj.21  -0.270675  0.0578863   -0.397254  -0.305769  -0.265191  -0.230588   -0.169525    0.0015722
v_C(whichWorld)[0]_subj.22  -0.278255  0.0705748   -0.436972  -0.318974  -0.269193  -0.229331    -0.16184   0.00202965
v_C(whichWorld)[0]_subj.23  -0.254278  0.0575844   -0.379967  -0.288661  -0.249084  -0.217197   -0.147944   0.00113327
v_C(whichWorld)[0]_subj.24   -0.22532  0.0561952   -0.337962  -0.259676  -0.226548  -0.192481   -0.106685  0.000717551
v_C(whichWorld)[0]_subj.25  -0.276958  0.0540719   -0.393746  -0.311631  -0.272263   -0.23777   -0.185642   0.00165739
v_C(whichWorld)[0]_subj.26  -0.214275  0.0702803   -0.347863  -0.255927  -0.218519  -0.175713   -0.060435   0.00100159
v_C(whichWorld)[0]_subj.27   -0.23446  0.0613721   -0.361061  -0.270194  -0.233089  -0.199149   -0.109171  0.000762036
v_C(whichWorld)[0]_subj.28  -0.162069  0.0611546   -0.263617  -0.206834  -0.168532  -0.123091  -0.0277274   0.00210425
v_C(whichWorld)[0]_subj.29  -0.232485  0.0731786   -0.384224  -0.272921  -0.231201  -0.192505  -0.0804356  0.000805486
v_C(whichWorld)[0]_subj.30  -0.217425  0.0656611   -0.345669  -0.256187  -0.220224  -0.180854    -0.07627  0.000848501
v_C(whichWorld)[0]_subj.31  -0.265535  0.0576334   -0.390651  -0.300646  -0.260323  -0.226385    -0.16292   0.00145004
v_C(whichWorld)[0]_subj.32  -0.253544  0.0670515   -0.406222  -0.291414  -0.247434  -0.211474   -0.128997   0.00127281
v_C(whichWorld)[0]_subj.33  -0.256369  0.0693932    -0.41172  -0.295081   -0.24933  -0.212405   -0.129449   0.00136635
v_C(whichWorld)[0]_subj.34  -0.206632  0.0679083   -0.333408  -0.248246  -0.212414  -0.169818  -0.0537546   0.00107861
v_C(whichWorld)[0]_subj.35  -0.242709  0.0631408   -0.375916  -0.279806  -0.239294  -0.203976   -0.117608  0.000917212
v_C(whichWorld)[0]_subj.36   -0.20374  0.0511558   -0.300388  -0.236787  -0.206795  -0.172277  -0.0951048  0.000914054
v_C(whichWorld)[0]_subj.37  -0.217873  0.0585998   -0.332059   -0.25348  -0.219823  -0.183438  -0.0952093   0.00068499
v_C(whichWorld)[0]_subj.38  -0.176157  0.0682045   -0.288954  -0.223855  -0.185796  -0.136137  -0.0205922   0.00180526
v_C(whichWorld)[0]_subj.39   -0.21015  0.0645709   -0.334181  -0.249408  -0.214264  -0.173548  -0.0682012   0.00101069
v_C(whichWorld)[0]_subj.40  -0.199298  0.0737389   -0.331182  -0.243929  -0.207323  -0.160424  -0.0299415   0.00136285
v_C(whichWorld)[0]_subj.41  -0.277962   0.066641   -0.427137  -0.318129  -0.269752  -0.231775   -0.166457   0.00184047
v_C(whichWorld)[0]_subj.42  -0.231258  0.0717966   -0.379669   -0.27094  -0.230825  -0.191209  -0.0824874  0.000848317
v_C(whichWorld)[0]_subj.43  -0.273128  0.0684754   -0.427464  -0.313423  -0.263842  -0.226873    -0.15658   0.00179502
v_C(whichWorld)[0]_subj.44  -0.147124  0.0916112   -0.279465  -0.212659  -0.165464 -0.0978563   0.0780276   0.00325135
v_C(whichWorld)[0]_subj.45  -0.237227  0.0637927   -0.373961  -0.274801  -0.234826  -0.198925    -0.11127  0.000848054
v_C(whichWorld)[0]_subj.46  -0.249158  0.0622614   -0.384712  -0.285332  -0.244148  -0.209703   -0.132796   0.00106125
v_C(whichWorld)[0]_subj.47  -0.223132  0.0544931   -0.330739   -0.25702  -0.224515  -0.190562   -0.109021  0.000694539
v_C(whichWorld)[0]_subj.48  -0.210072   0.058611   -0.321026  -0.246782  -0.214215   -0.17606   -0.083385   0.00099116
v_C(whichWorld)[0]_subj.49  -0.228943   0.058869    -0.34885  -0.264419  -0.228987  -0.193917   -0.109746  0.000752989
v_C(whichWorld)[1]           0.292472  0.0273686    0.239908   0.274123   0.292075   0.310418    0.347364  0.000437817
v_C(whichWorld)[1]_std         0.1258  0.0287247   0.0733854   0.106162   0.124272   0.143476    0.187216  0.000759551
v_C(whichWorld)[1]_subj.1    0.290214   0.101529   0.0886384   0.224043    0.28948   0.357556     0.49084  0.000866131
v_C(whichWorld)[1]_subj.2    0.245948  0.0913591   0.0631823   0.185994    0.24727   0.306509    0.421753  0.000862918
v_C(whichWorld)[1]_subj.3    0.433254   0.108624    0.236167   0.357197   0.428074   0.503069     0.66119   0.00152517
v_C(whichWorld)[1]_subj.4    0.364412  0.0933772    0.187268   0.300247   0.362637   0.425027    0.555912   0.00106898
v_C(whichWorld)[1]_subj.5    0.257342  0.0836095   0.0935725   0.201947   0.257593   0.313438     0.42175  0.000770348
v_C(whichWorld)[1]_subj.6    0.292207   0.119631   0.0552973   0.216489   0.291635   0.368597    0.535056     0.001082
v_C(whichWorld)[1]_subj.7    0.461253   0.100826    0.275674   0.391343   0.457046   0.525803     0.67193   0.00162832
v_C(whichWorld)[1]_subj.8     0.40583  0.0903918    0.237201   0.343051   0.402781   0.464927    0.590712   0.00119627
v_C(whichWorld)[1]_subj.9    0.342791  0.0961908     0.16034   0.277103   0.340857   0.405958    0.540306   0.00113055
v_C(whichWorld)[1]_subj.10   0.371527  0.0830277    0.214293    0.31509   0.370874   0.426466    0.539907   0.00112906
v_C(whichWorld)[1]_subj.11   0.358054  0.0970594    0.174176   0.293633   0.355854   0.421132    0.556956  0.000987001
v_C(whichWorld)[1]_subj.12   0.203014  0.0740769     0.05356   0.153827   0.204595   0.253091    0.344044  0.000831471
v_C(whichWorld)[1]_subj.13   0.219171  0.0905469   0.0349678    0.15969   0.221908   0.279721    0.393886  0.000889155
v_C(whichWorld)[1]_subj.15   0.306958  0.0805159    0.148279   0.253371   0.306303   0.360144    0.465436  0.000835886
v_C(whichWorld)[1]_subj.16   0.217547  0.0794894   0.0579385   0.166008   0.218974   0.270826    0.369375  0.000788032
v_C(whichWorld)[1]_subj.17   0.150362  0.0791132  -0.0119725  0.0980875   0.152929   0.204568    0.301205   0.00102035
v_C(whichWorld)[1]_subj.18   0.188489   0.101183  -0.0183879   0.123814   0.191989   0.256976    0.377436     0.001226
v_C(whichWorld)[1]_subj.19   0.273235  0.0916152   0.0891955   0.213002   0.274357   0.334111    0.455078  0.000792748
v_C(whichWorld)[1]_subj.20   0.369687   0.086311    0.208239   0.311165   0.366827   0.425272    0.547071   0.00100882
v_C(whichWorld)[1]_subj.21   0.128648  0.0682198 -0.00649552  0.0831072   0.129008   0.175076     0.25814  0.000913806
v_C(whichWorld)[1]_subj.22   0.207045   0.103743 -0.00445213   0.139669   0.210789   0.277635    0.402372   0.00102292
v_C(whichWorld)[1]_subj.23   0.241158  0.0659435    0.110117   0.197229    0.24172   0.285529    0.369614  0.000657385
v_C(whichWorld)[1]_subj.24   0.257399  0.0761252    0.105934   0.208137   0.257404    0.30846    0.407165  0.000728318
v_C(whichWorld)[1]_subj.25   0.401817  0.0705558    0.266746   0.354166   0.400433   0.448188    0.546355  0.000873244
v_C(whichWorld)[1]_subj.26    0.34812   0.114283    0.130998   0.271557   0.345521   0.421335    0.580933   0.00132981
v_C(whichWorld)[1]_subj.27   0.331824   0.104229    0.132336   0.261808   0.329468   0.398342      0.5459   0.00106136
v_C(whichWorld)[1]_subj.28   0.338943  0.0847123    0.174546   0.281548   0.338561   0.394196    0.506714  0.000868858
v_C(whichWorld)[1]_subj.29   0.364718   0.116858    0.145617   0.284925   0.361428   0.439461    0.606568   0.00109474
v_C(whichWorld)[1]_subj.30   0.319514     0.1004    0.126879   0.253225   0.317932   0.384512    0.523393  0.000925049
v_C(whichWorld)[1]_subj.31   0.147935   0.064251   0.0213115   0.104986    0.14851   0.192083    0.270619   0.00071858
v_C(whichWorld)[1]_subj.32   0.210966  0.0927163   0.0249825    0.15093   0.213029   0.272811    0.389054  0.000859617
v_C(whichWorld)[1]_subj.33   0.438979   0.105942     0.24602   0.363865   0.434085   0.508078    0.659648   0.00148397
v_C(whichWorld)[1]_subj.34   0.327081   0.110402    0.116485   0.252925   0.325168   0.397527    0.553522   0.00107805
v_C(whichWorld)[1]_subj.35   0.302166  0.0920887    0.121432   0.240637   0.300553   0.363777    0.486958  0.000898651
v_C(whichWorld)[1]_subj.36    0.32769  0.0721375    0.188946   0.278426   0.327213   0.375924     0.47056  0.000739547
v_C(whichWorld)[1]_subj.37   0.190375  0.0867419   0.0165295    0.13293   0.192626   0.250191    0.355647  0.000991581
v_C(whichWorld)[1]_subj.38   0.253123  0.0914852   0.0719155   0.191811   0.253461   0.315357    0.431958  0.000872186
v_C(whichWorld)[1]_subj.39   0.221532  0.0981663   0.0259108   0.158093   0.222802   0.286724    0.411089   0.00112517
v_C(whichWorld)[1]_subj.40   0.400007   0.120948    0.176353   0.317441   0.394696   0.476326    0.656798    0.0015383
v_C(whichWorld)[1]_subj.41   0.274645  0.0733506    0.131377   0.225634    0.27466   0.323152    0.419436  0.000693409
v_C(whichWorld)[1]_subj.42   0.397013   0.122547    0.171337   0.313676   0.390058    0.47423    0.658661   0.00162115
v_C(whichWorld)[1]_subj.43   0.190228  0.0813917   0.0256984   0.136856   0.191492   0.245686    0.344715  0.000839614
v_C(whichWorld)[1]_subj.44   0.174197   0.125278   -0.090634  0.0966533   0.180089   0.260406    0.401644   0.00160477
v_C(whichWorld)[1]_subj.45   0.254508  0.0883304   0.0770753   0.196689   0.255472   0.313253    0.425702  0.000837895
v_C(whichWorld)[1]_subj.46   0.299827  0.0940959    0.114283   0.237987   0.299081   0.362672    0.487521  0.000903855
v_C(whichWorld)[1]_subj.47   0.382879  0.0821485    0.226198   0.326011   0.381175   0.437584    0.548429   0.00106484
v_C(whichWorld)[1]_subj.48   0.229264   0.073428   0.0813815   0.180634   0.231462   0.279085     0.36921  0.000719344
v_C(whichWorld)[1]_subj.49   0.333831  0.0867035    0.167488    0.27468   0.333586   0.392341     0.50645  0.000855724
DIC: 12038.356403
deviance: 11882.721399
pD: 155.635004